12
19.469900 0.314616 -3.130090 -1.925340 2.481540 -1.756240 1.345140 -1.095180 -1.407950 -1.226830 -0.558575 -0.111793 -0.300800 -1.351364 -1.353430 0.272820 1.591082 -0.561610 1.004949 -2.577930 -0.895374 0.409320 0.237763 0.736704 -0.038700 -1.195654 -0.166095 0.867900 -0.199587 -2.011280 0.753478 -2.849470 -1.347274 1.465449 1.562282 1.047049 1.304153 -0.126228 -0.556555
19.770700 1.665980 -1.776660 -2.198160 0.890458 -1.194630 0.340191 1.482750 -0.512576 -1.636150 -0.796338 -0.848497 -0.262100 -0.155710 -1.187335 -0.595080 1.790669 1.449670 0.251471 0.271540 0.451900 -1.056129 -1.324519 -0.310345 -0.588501 0.917880 0.692510 -1.098170 1.364840 -0.292370 -0.325366 0.463280 1.845847 -0.094923 -2.171965 -0.921243 1.430381 0.430327 0.427221
20.032801 1.821690 -0.589325 -1.603080 -0.900211 -2.644300 0.088720 1.211210 -0.964476 -0.580021 0.528181 -0.538152 0.326401 -1.073590 -1.879845 0.503090 0.425829 1.742040 0.576837 -0.191740 -1.393947 -0.961206 0.847446 0.610898 0.508001 0.357670 -0.353495 1.214360 0.757373 2.383550 0.413482 -0.157670 -0.520828 -0.509007 1.183518 0.463288 1.000054 0.003105 0.049578
19.706400 2.895280 1.290520 -2.106170 -1.326040 -4.386340 -0.488117 1.402950 0.429471 0.381185 -0.319265 -1.149050 -0.181601 -1.431260 -1.526350 -0.711270 -0.331544 -0.641510 0.163355 -0.034070 -0.873119 -0.452199 -0.336072 0.147610 0.303900 -4.852206 -3.681390 -2.559650 0.338376 0.343390 2.484667 -0.465260 -3.125063 -0.950609 -0.842150 -0.781690 0.996949 -0.046473 -0.247504
19.888000 4.326540 2.816870 -1.394900 -0.994496 -3.744830 -0.651472 1.437020 1.302590 0.833384 0.016807 -1.296660 -0.485500 3.420946 2.155040 1.848380 -0.669920 -0.984900 -2.321312 0.431190 2.251944 0.498410 0.506078 0.929300 -2.163200 2.726948 3.111160 3.535950 -1.740184 -1.662790 -1.566232 1.771460 1.754648 -1.254864 0.815947 2.020070 1.043422 0.201031 0.406822
20.373501 0.905594 0.661830 -3.243280 -0.324576 -2.759930 1.669840 1.005830 -0.949354 0.334974 -0.489272 -2.225960 1.677700 0.693998 -0.956120 -1.687570 1.070264 0.677890 -0.755080 -1.340270 0.497296 1.753274 -0.309869 -1.090770 2.169199 0.821520 -0.460500 -2.131650 1.377444 2.544870 -1.672120 -2.061250 0.812616 2.514582 0.669619 -2.411880 0.842390 -0.205790 -0.353561
18.695801 0.211596 1.617950 -1.555710 -1.394840 -3.437820 2.424920 2.346100 -1.446650 -1.418300 -0.179403 -1.135190 -0.491499 -0.127522 -0.495620 0.444080 -0.307180 -1.866980 0.917040 0.720980 -0.315320 -0.761308 -0.979488 1.321110 -0.305099 -1.540370 -0.887950 0.882950 -0.375300 -2.046560 -0.161197 0.908390 0.598235 -1.358616 -0.554763 2.008810 1.048181 0.147771 0.235251
19.187300 0.339118 2.113570 -1.999790 -1.087660 -1.570840 1.507880 1.625120 -1.131330 -0.656992 0.800085 -2.456300 -0.186399 1.412848 0.392330 -0.438870 0.068120 0.179580 1.078237 -0.187410 -0.913555 0.597308 -0.424725 -0.687700 0.175201 3.770748 0.094010 -0.862530 0.108080 0.090850 1.825264 0.401540 -0.717165 0.613158 -2.513895 0.440173 0.900410 -0.087480 -0.026875
19.373699 -1.073730 1.721240 -1.560920 -1.155780 -1.750420 0.429643 1.812530 -0.217775 -1.254300 1.224810 -1.768600 -0.361601 -2.357900 0.298320 0.423660 -0.039960 0.088730 -0.747027 -0.588950 -0.196390 -0.015850 2.089170 -1.127873 -0.749601 -3.296778 0.074550 0.754130 1.474101 -0.353350 -1.647042 -1.559800 0.620861 0.450975 1.955901 -1.268747 0.987890 -0.060605 -0.330098
19.735300 1.284170 1.422920 -1.984580 -1.115820 -1.839150 1.176670 2.401480 -0.021385 -1.238450 -0.864360 -0.640727 0.388000 0.938878 0.223770 -0.330470 -1.514061 0.442080 0.900015 0.970850 -0.817251 -0.466825 0.133269 0.140874 0.029202 2.400216 0.457700 -0.800770 -0.867122 1.984501 0.167400 1.097980 -0.794131 -1.091940 1.389234 -0.526895 1.048495 0.269493 0.539775
19.347300 0.345292 1.199150 -1.654110 0.398241 -2.281230 0.276655 1.430630 0.795866 -0.771625 -0.997629 -0.781601 0.358799 -1.461338 -0.233930 0.470300 -0.646939 -1.542421 0.732615 -0.127130 -0.023120 0.625115 -1.255965 0.667769 -0.882601 -2.202028 -0.220460 1.791112 -2.651719 -2.106892 -0.273075 -1.461139 -0.451102 1.683901 -1.680354 0.721759 0.779002 -0.270282 -1.319566
18.988501 1.806630 1.433080 -2.124410 1.045180 -0.738809 -0.455960 1.557760 0.818986 -1.396740 0.258336 -1.449370 1.241400 0.740690 -0.013470 -1.320812 2.004780 0.564471 1.005690 1.334009 0.427982 -1.058786 0.424389 -0.053990 -0.146002 0.571497 0.951900 -0.161285 4.844130 0.317921 2.926137 1.379047 -0.517767 -0.504193 0.821730 -0.277390 1.049284 1.049284 1.049284
