3.70415 -2.51528 4.19274 0.888047 1.18127 -0.266661 -0.0621938 -0.343905 0.89904 0.970022 0.712382 -0.195447 2.09447e+006 
3.50069 -3.07269 3.99416 -0.188046 1.9466 0.273586 1.98595 0.62569 0.356519 0.746605 0.0373286 0.682626 2.30354e+006 
5.86227 -3.38008 0.231293 0.518228 1.09467 -1.18441 -1.07413 -0.810225 -0.897994 -0.252482 -0.933631 -0.0606157 5.79109e+008 
9.23878 -3.55756 -0.178903 -0.764621 0.0115961 -2.01192 -0.207659 -1.09688 -0.209752 -0.136527 0.248986 0.420024 5.08845e+008 
10.4318 -6.42054 -0.581432 -3.42607 2.45979 0.598474 -1.18331 -4.6347 -1.37891 -0.85897 -0.0758133 0.913751 1.19456e+008 
9.13729 -3.5718 1.78287 -1.54121 1.87651 -0.517854 0.122652 -1.41864 0.974226 0.617308 1.32801 -0.157973 2.37977e+007 
10.4654 -3.21259 1.65745 -2.69373 -0.451779 -0.413976 0.470371 0.187614 0.0129081 -0.397408 -0.288139 0.0789294 1.7166e+007 
7.61055 -2.52208 0.487152 -0.920235 0.128956 -1.81609 1.45666 -1.62897 -0.0815776 -0.527881 -0.214737 1.40839 1.63429e+007 
8.24614 -2.9784 2.73877 -0.792969 0.821013 1.23983 1.01868 -1.41582 -0.177137 -0.0171075 1.28394 -0.513723 1.11536e+007 
7.7528 -3.83511 -0.118554 -1.26915 3.26183 0.622146 1.29219 -1.5385 0.80603 0.878826 1.05701 -0.571777 9.17351e+006 
8.04253 -3.3577 0.131427 -2.71297 1.32237 0.578744 1.40794 -1.2375 -0.15245 -0.456095 1.10919 -0.268286 6.56911e+006 
8.6228 -0.817733 0.847481 -2.22575 3.13336 0.757502 0.826128 -0.895291 -0.80715 0.633901 2.87357 0.0124629 5.19476e+006 
5.33438 -2.02848 3.19891 -0.126734 2.17813 1.64928 1.99847 -0.921296 0.841761 0.193867 0.429091 1.96883 3.21165e+006 
6.55831 -2.81686 3.6897 0.0744277 0.790534 0.0295228 2.6914 0.0981049 -1.69477 -1.91728 1.57564 0.986741 3.46469e+006 
6.53292 -3.58525 1.78247 -1.73314 0.526934 -0.0324996 0.663519 -0.261863 0.941099 -0.548397 -0.147721 0.679063 3.70107e+006 
13.6835 -0.743016 -0.0694941 -2.61965 -0.0672334 -0.707986 3.40044 1.45626 -0.250323 -1.35442 0.365675 0.250628 1.15672e+008 
16.9631 -2.00628 0.724491 -2.55436 -1.65176 -3.1951 1.315 -0.348303 0.0185064 -1.72238 -0.676321 -2.03803 2.79736e+010 
8.62949 -4.05396 -1.34151 -3.92541 -0.644026 0.311112 0.654782 -0.424385 0.548952 -1.34197 -2.54677 -1.92107 5.4239e+010 
6.60016 -3.79695 -0.846266 -1.69893 1.24122 -2.29885 0.339074 -0.120299 -0.651458 -2.61813 -1.95308 0.485195 4.98457e+010 
5.30325 -3.83818 0.088022 0.568717 0.348946 -2.79338 0.122476 0.301675 -1.99815 -3.28445 -0.209074 -0.747989 5.92461e+010 
5.90666 -3.40218 1.71222 0.534063 -0.878938 -2.41267 1.77 -0.733063 -1.98409 -2.33943 0.0406928 -1.33217 4.90558e+010 
9.0935 -4.30709 2.16605 1.2141 -0.996435 -2.63248 2.12486 -1.48627 -1.87034 -1.87947 -0.379621 -1.89482 3.44897e+010 
13.9903 -2.55743 1.02664 1.09521 -0.0943556 -2.07244 0.29115 -1.03468 -0.883026 -1.22791 -0.43818 -1.70626 2.20669e+010 
14.4338 -1.21662 0.114222 2.19471 0.557418 -3.54169 0.300265 -1.73853 -0.45296 -2.06317 0.653287 -1.32749 2.03151e+010 
17.3575 -1.43716 -1.16027 0.993356 -0.0372864 -3.55946 1.0928 -1.45347 0.0300635 -2.22112 0.178738 -0.343344 1.8516e+010 
16.401 -0.811688 0.573914 2.5189 -0.962155 -4.55845 0.486334 -1.83714 1.39159 -2.25813 0.517183 -1.1115 1.27525e+010 
16.2592 -0.853768 0.600283 2.50852 0.890078 -4.25154 -0.44464 -2.3661 1.2557 -0.8635 -0.24404 -1.17697 9.76914e+009 
18.6342 -1.35842 -0.267145 1.79917 -0.640547 -3.80194 1.45547 -0.273827 -0.435444 -2.18904 -0.574382 -0.977865 1.2189e+010 
17.8886 -0.669178 0.784367 0.756264 -1.19916 -4.99457 2.76238 0.0106723 -0.896691 -2.14979 -0.974296 -0.933217 8.58968e+009 
16.4417 -2.74691 -1.16025 0.200751 -1.07034 -4.17435 0.898917 -0.616979 0.0389215 -0.431793 0.880945 -0.214727 1.60391e+009 
14.7366 -1.83008 1.08155 -0.367796 -0.943128 -3.78263 0.81974 -0.523494 -0.69753 -0.565961 -0.393836 -1.35906 6.16311e+009 
9.62039 -2.87545 0.660417 -4.197 -2.35036 -2.06931 1.87397 0.879476 -1.07579 0.201875 -2.10721 -3.1221 4.2962e+010 
8.53325 -3.25894 0.950564 -3.05554 -3.68032 -2.36427 3.12979 -0.563624 -0.499964 -1.07237 -0.209692 -2.67902 4.4997e+010 
9.13898 -2.90419 2.79333 -2.61162 -4.25884 -2.26513 3.50312 -0.310696 -0.842733 -1.74237 -0.378689 -1.95812 3.72578e+010 
11.1589 -3.88534 3.25958 -0.676105 -3.78313 -1.98413 2.05422 -0.811565 -1.21726 -1.20364 -0.46443 -1.87803 2.72269e+010 
13.951 -3.38955 4.06787 -0.32063 -3.30098 -3.75472 1.50636 0.462206 -1.37196 -1.63492 -0.441912 -0.451114 2.13898e+010 
15.0829 -1.9304 3.19007 -0.916588 -3.45807 -4.73749 1.66906 0.326834 0.0843738 -2.05596 -0.11773 -0.716913 1.62073e+010 
15.4811 0.680839 3.2464 -0.230623 -2.66333 -3.87302 1.43606 0.0592611 -0.712463 -2.45764 -0.219328 -0.738797 1.07778e+010 
15.9713 0.340048 2.38121 0.503214 -3.36617 -3.92119 4.25216 -0.16465 -1.10149 -2.41281 -0.63335 -1.78519 8.57305e+009 
16.3356 0.991676 2.91779 -0.148734 -1.4947 -2.56477 1.86944 -0.775831 0.889515 -3.27972 -0.309888 -2.33153 7.11674e+009 
15.509 -0.244156 4.59346 0.861623 -0.90146 -1.67938 1.01381 -0.577025 -0.173587 -1.61975 -1.75251 -3.0489 4.12036e+009 
15.6139 -1.68557 2.71977 1.07832 -1.48037 -1.27857 2.9805 0.738379 -0.110357 -3.08323 -2.52503 -4.03599 2.63002e+009 
15.2944 -0.361042 3.20957 0.933023 -0.550781 -2.23472 0.952264 -0.446553 -0.565967 -1.59414 -2.84917 -2.80935 2.22399e+009 
13.0362 -0.969083 2.95354 -0.824158 -3.19594 -2.99445 2.38819 -1.96613 -1.45229 -0.934824 -2.24937 -1.45785 9.42242e+008 
12.5501 -0.593665 2.42772 0.854886 -1.03362 -3.58115 0.549277 -1.49034 -1.73531 -0.313084 -0.191302 0.147994 3.95189e+008 
12.0345 -0.237641 1.09722 -2.45314 -2.4651 -4.16031 1.67292 0.272153 -0.0926973 0.140272 -0.790157 1.08671 4.14323e+008 
12.6913 1.52721 1.4871 -2.03563 -1.7574 -2.5686 3.22746 -1.62848 0.791001 0.781577 1.04937 -0.210323 4.27928e+008 
10.5971 0.0848567 0.787374 -0.84467 -1.15537 -0.852995 3.40551 -0.937701 1.35824 1.98973 0.920764 -0.266817 8.61022e+007 
10.9177 1.04828 1.60808 -1.82068 1.1093 -0.355387 2.20491 0.416181 0.218278 0.873847 0.526139 -0.402362 2.60205e+007 
14.7124 3.67303 1.77141 -0.324135 -0.742663 -2.92095 2.90135 0.138839 1.00352 0.301234 0.712516 0.193883 3.03816e+008 
