6.56667 -2.81106 3.14044 0.554886 1.62892 0.223778 1.60685 -0.0899582 1.27168 0.0308236 1.46415 0.530601 5.87254e+006 
10.9962 -2.57984 0.336477 -0.836681 0.81414 0.528619 0.236536 0.176133 1.52896 -0.112755 1.95982 0.570862 6.48112e+006 
8.97072 -1.77722 2.64626 0.334156 2.35665 0.777164 2.41268 -0.731022 1.75797 1.27816 0.00193869 -1.17359 9.16295e+006 
9.02823 -2.02764 3.23873 -1.69795 1.64147 -0.67197 0.184564 -0.715031 -0.020572 0.313399 0.374528 -0.322323 5.72078e+006 
8.00482 -1.88423 3.80315 0.138938 1.80047 -2.48278 -0.402888 -0.254845 0.14817 -1.25777 1.11901 -0.500305 9.60672e+006 
7.14329 0.487729 1.92206 -0.679878 2.44252 0.300267 0.224357 -0.714801 0.840212 0.976482 0.651135 0.167516 7.62782e+006 
6.22226 -0.688601 1.20895 2.26448 2.49469 -0.180905 0.44941 0.610171 -0.222037 2.21858 1.637 0.136178 1.95746e+007 
10.6658 -0.544245 1.08427 -0.303331 2.34392 0.599044 0.663245 -0.598649 -0.0478484 1.95984 1.08357 -0.472398 2.06864e+007 
8.70885 -1.34753 1.5475 -0.428095 1.16799 0.286304 1.63899 0.0505243 0.0773197 1.12009 1.44404 -0.384837 9.18562e+006 
9.5655 -1.88573 3.39776 0.728835 1.9747 0.50274 0.442134 -1.46536 0.345383 2.9006 0.21934 -1.34751 1.44649e+007 
10.7866 -0.402151 3.00094 1.62533 1.38595 -0.856417 0.670545 0.313758 -0.215264 0.425248 0.928045 0.840644 1.8192e+007 
7.95615 -0.41718 2.42628 0.786368 1.81604 0.0960543 0.205859 0.519208 0.384888 0.785285 0.187128 0.105484 2.14781e+007 
9.06755 -0.775943 3.61569 1.6029 1.41318 0.513394 1.69604 1.34941 -0.72726 -0.546643 -0.10676 -0.282882 3.98475e+007 
10.3395 -0.909798 1.5861 0.0743829 2.41081 -0.125599 1.67211 2.04055 1.34014 -1.82222 -0.7463 -1.10577 2.41593e+007 
10.8543 0.800307 1.93542 -0.179963 1.03019 0.271795 1.68176 1.57788 2.32782 -1.27078 -0.340311 -2.30604 3.52171e+007 
8.94882 -0.785746 1.58412 -1.97525 -0.471505 0.0202387 1.57815 0.976571 0.890399 -1.31573 0.364405 -1.4615 1.50921e+007 
7.92723 -0.643837 2.63023 -0.748663 0.920418 -0.277744 0.79695 -0.419463 0.27517 0.234597 0.79499 -2.137 1.4195e+007 
8.8706 -2.98168 3.84971 -0.518137 1.43655 -0.738773 0.800252 0.639703 0.122227 -0.618077 0.905409 -0.301534 1.10498e+007 
7.37277 -1.63937 2.94183 -0.50715 0.305284 -0.60541 -0.620421 -0.751488 0.735851 -0.299181 2.43436 -0.397783 7.5875e+006 
9.53249 -0.639949 1.55537 -0.468784 1.91454 -0.522193 2.42757 0.644283 -0.0447894 -1.46293 0.540762 -0.0472928 5.60484e+006 
9.08387 -1.41814 2.59864 -0.0144515 2.00919 -0.499711 0.910514 0.379896 1.78831 0.314511 0.72116 -0.873196 7.51229e+006 
9.99354 -3.49219 1.85947 1.60488 2.8202 0.842292 2.15176 -0.527221 0.168018 -0.05833 1.97551 -1.1207 1.69699e+007 
10.902 -2.41401 1.92226 -0.853096 2.53487 0.14434 1.18689 -1.18726 0.377 -0.588786 0.45432 -0.128124 3.13566e+007 
18.9206 -0.422532 0.150469 0.51383 3.35177 -0.624689 -0.166748 -1.24949 -1.75288 -1.78684 -1.46861 -0.973156 1.99499e+009 
19.4699 0.314616 -3.13009 -1.92534 2.48154 -1.75624 1.34514 -1.09518 -1.40795 -1.22683 -0.558575 -0.111793 3.39205e+009 
19.7707 1.66598 -1.77666 -2.19816 0.890458 -1.19463 0.340191 1.48275 -0.512576 -1.63615 -0.796338 -0.848497 6.85288e+009 
20.0328 1.82169 -0.589325 -1.60308 -0.900211 -2.6443 0.0887199 1.21121 -0.964476 -0.580021 0.528181 -0.538152 7.13814e+009 
19.7064 2.89528 1.29052 -2.10617 -1.32604 -4.38634 -0.488117 1.40295 0.429471 0.381185 -0.319265 -1.14905 6.65686e+009 
19.888 4.32654 2.81687 -1.3949 -0.994496 -3.74483 -0.651472 1.43702 1.30259 0.833384 0.0168065 -1.29666 7.20313e+009 
20.3735 0.905594 0.66183 -3.24328 -0.324576 -2.75993 1.66984 1.00583 -0.949354 0.334974 -0.489272 -2.22596 5.50275e+009 
18.6958 0.211596 1.61795 -1.55571 -1.39484 -3.43782 2.42492 2.3461 -1.44665 -1.4183 -0.179403 -1.13519 6.04743e+009 
19.1873 0.339118 2.11357 -1.99979 -1.08766 -1.57084 1.50788 1.62512 -1.13133 -0.656992 0.800085 -2.4563 4.72771e+009 
19.3737 -1.07373 1.72124 -1.56092 -1.15578 -1.75042 0.429643 1.81253 -0.217775 -1.2543 1.22481 -1.7686 4.63361e+009 
19.7353 1.28417 1.42292 -1.98458 -1.11582 -1.83915 1.17667 2.40148 -0.0213848 -1.23845 -0.86436 -0.640727 5.15513e+009 
19.3473 0.345292 1.19915 -1.65411 0.398241 -2.28123 0.276655 1.43063 0.795866 -0.771625 -0.997629 -0.781601 2.97968e+009 
18.9885 1.80663 1.43308 -2.12441 1.04518 -0.738809 -0.45596 1.55776 0.818986 -1.39674 0.258336 -1.44937 3.30757e+009 
17.7471 1.06594 1.44655 -0.803598 -0.9596 -1.30328 -1.46165 0.223751 0.391004 -0.337954 -0.166053 -1.39538 1.7692e+009 
16.3597 0.896747 2.41192 0.355929 1.87975 -1.54983 0.458797 0.268789 -0.554745 0.216639 0.231288 -1.61878 1.12682e+009 
16.0319 1.67904 3.46345 1.90376 1.07467 -1.6218 -1.64608 -0.958583 0.481092 -0.648124 0.543208 -1.53717 1.30248e+009 
15.4143 0.91526 4.19147 2.81881 2.80142 -1.06282 -0.405561 -1.15897 0.246623 -1.01503 0.266936 -2.05339 7.89211e+008 
14.4572 1.96136 4.22531 1.60422 1.32957 -1.27362 -1.3882 -0.20039 0.168657 -0.889667 -0.860446 -2.51259 1.26094e+009 
13.6078 1.36134 6.06721 3.15314 1.21246 -2.02248 -0.862608 -0.257415 -1.38766 -1.90432 -1.04 -1.74994 1.15839e+009 
12.8361 1.70695 5.19951 2.99741 1.11521 -1.07092 -0.393202 -1.35959 -0.784359 -1.37752 -0.865111 -1.70881 6.6392e+008 
11.7249 1.78095 6.82844 0.398272 0.579182 -1.17985 0.0121204 0.507585 -1.99045 -1.20746 -0.887055 -1.07758 4.48141e+008 
9.32859 -1.01736 3.19853 -1.00394 1.702 -1.50598 -1.31843 -0.426246 -0.64541 -1.81586 -1.14243 -2.44884 8.51483e+007 
8.33568 -1.8885 4.62821 -0.277115 1.65307 -1.41196 1.45618 -0.291281 0.237386 -0.258172 0.082301 -0.538528 2.63407e+007 
8.01019 -3.66439 2.99048 -1.34722 0.0208646 -1.00405 0.390485 -1.49058 -0.28454 -0.396569 0.389547 -0.274652 1.01909e+007 
9.86576 -1.89654 5.03086 1.42398 2.49597 -1.3996 -0.668474 -0.23553 -0.0418593 -0.330905 0.779365 -0.224393 2.08192e+007 
9.18871 -1.57443 4.08175 -2.07397 -0.0293844 -1.69301 -0.215804 -1.02766 -0.724623 -1.54951 1.30906 0.0548763 1.30641e+007 
9.02875 -2.66753 4.19141 0.753005 1.48206 -1.08999 0.162379 0.137965 1.34685 -0.708757 0.29028 -1.0219 1.54448e+007 
7.65185 -2.87694 2.49721 -0.271268 1.32033 -0.207497 0.792681 -3.19452 -1.2075 -0.721799 0.596007 -0.959579 1.01396e+007 
7.25715 -2.61846 3.19854 -0.30805 1.70573 -0.895052 0.756329 -0.957377 0.211557 -0.00539128 -0.0217456 -0.153063 8.2397e+006 
7.72221 -3.54136 5.76128 -0.587576 1.40088 -0.637776 1.10466 0.761909 1.20809 -0.0813145 -0.256797 -0.797258 1.06719e+007 
7.91548 -2.20986 3.26444 -0.883313 1.11787 -0.397095 -0.59266 -0.994236 1.00016 -0.0758509 -0.309449 -1.19452 6.09269e+006 
7.28319 -1.62156 5.76987 1.52585 3.25192 0.709944 1.00667 -1.38203 -0.144616 0.294409 0.000976693 0.071233 1.21352e+007 
9.63284 -0.609437 3.89925 -1.14296 1.71183 -0.444534 0.796082 0.224524 0.977063 -0.534649 0.858552 0.276285 1.13228e+007 
8.34664 -1.74511 2.53941 -0.209083 -0.448339 0.682317 1.0717 -0.33797 0.808396 0.524244 -0.772444 -0.745386 1.05038e+007 
6.53909 -2.09098 3.63537 -1.83642 -1.29492 0.219468 -0.304295 -0.609785 1.15411 1.15585 -0.0131223 -0.682169 9.02051e+006 
6.4569 -2.3817 4.78263 -0.817694 0.382981 -1.1222 -0.241554 0.0393591 -0.520687 -1.81207 -0.0952334 -1.39397 6.47752e+006 
6.70238 -1.35451 4.60115 -0.145178 0.986633 -1.2801 -0.284129 0.697926 -0.341951 -1.1592 0.349466 -0.661739 7.41845e+006 
7.35437 -3.21852 1.23188 -2.17701 0.545296 -0.411037 0.650475 0.973724 1.06994 1.04284 2.22951 -0.434915 7.85882e+006 
7.65338 -2.49794 5.12458 -1.31522 0.854585 0.0781629 0.627346 -0.00965106 -0.226513 -1.01677 0.368296 0.562323 8.3454e+006 
7.9738 -3.11728 3.8305 -1.49199 -0.319803 -1.98175 -0.996702 -1.36248 0.226603 -1.86914 0.404085 -0.239483 6.61734e+006 
8.19122 -1.71357 2.88615 -0.717028 -0.70056 -1.69939 1.57405 -1.03059 0.541756 -0.526933 -0.751972 -0.835127 5.8497e+006 
8.97187 -2.10286 3.63665 -0.878787 -0.485492 -2.3024 0.474078 0.215545 -0.0485405 -0.766028 1.01489 -0.702995 6.91964e+006 
7.62353 -4.42673 2.62939 -0.552015 0.0341508 -3.01129 -0.190801 -0.264323 0.643255 -0.0360188 1.17816 -0.11036 7.13784e+006 
8.05117 -2.5765 4.53423 -0.501322 -0.807722 -1.38095 0.592659 0.592956 1.44954 -0.22983 -0.706835 -0.12854 6.83422e+006 
7.96874 -2.7891 2.90135 -0.769502 0.606021 -1.30541 1.02638 -0.496838 0.706897 -0.817045 0.261579 -1.11 7.10961e+006 
8.38153 -2.42784 3.28012 0.839624 0.761938 -0.353399 0.649557 -1.47196 1.41379 0.0652759 0.0672822 -1.87993 8.77335e+006 
7.09865 -1.60214 2.96209 0.512178 1.80257 -1.04576 -0.249394 -1.34054 -0.304419 0.403886 -0.0447145 -0.753935 9.12113e+006 
7.07437 -2.98102 3.57275 -0.56767 1.33967 -0.449769 0.147476 -0.644927 -1.64427 -0.606559 0.900616 -0.0585416 5.74677e+006 
8.01365 -2.08834 3.27064 0.292343 1.4525 -1.28857 -0.957366 -1.53476 1.30999 0.128436 -0.0646738 -0.2212 5.3224e+006 
7.86757 -3.23546 1.77408 -0.147657 1.17994 -0.548291 0.537718 0.117764 -0.272885 -1.51976 -0.616681 -1.69933 6.10709e+006 
8.57223 -3.40284 2.40491 -0.551076 -0.277405 1.22382 2.67016 -0.278844 -0.337658 0.0682062 0.0153232 -0.963689 6.56722e+006 
8.00586 -2.36497 1.50456 1.2867 2.26433 0.445235 1.27547 -0.165026 0.622974 1.41685 0.344408 -0.389962 1.04449e+007 
