9.98211 -2.74498 0.0478149 -3.42093 -2.75336 1.66733 3.80343 0.720009 0.710289 -1.13542 -1.18944 -2.20662 5.73829e+007 
7.05388 -2.61746 1.09682 -0.94016 -1.4426 0.357957 2.5377 -1.20671 -0.119909 0.160482 0.149393 -0.837737 8.58966e+006 
4.67471 -4.1637 3.13281 2.19429 -3.11139 -1.28263 2.78977 -0.168355 -1.08092 0.948348 -0.0960244 -1.39464 2.8475e+007 
6.72328 -3.69671 3.40744 2.4671 0.310521 -0.380727 3.27281 0.490844 -0.463925 -0.446456 -0.784273 -1.70464 1.08713e+007 
6.78507 -3.63398 1.59629 -0.146828 0.427879 0.164402 3.20426 0.950726 -1.01282 -0.344701 -0.0398746 -1.08345 7.54191e+006 
8.54756 -2.74256 2.51219 -1.2613 0.734786 -0.275378 1.65428 0.84081 -0.824694 -0.357257 1.05148 -0.412754 6.15385e+006 
6.41257 -4.59254 2.72048 1.64508 -0.721563 -2.89901 0.771139 -1.05248 -0.254507 -0.752188 0.57609 -0.418103 6.80338e+006 
1.93222 -0.549813 -0.331008 -0.178345 -2.32656 0.975014 0.419771 0.83634 0.64956 0.688962 0.550694 -0.194141 4.25883e+006 
1.20849 1.32534 2.08929 1.45158 -3.8783 2.30538 1.58876 -0.403564 0.164916 0.992649 -0.0255261 -0.0103194 4.23362e+007 
0.28397 1.60697 -0.634165 -0.23734 -3.91897 2.12546 1.52949 -0.732553 -0.171011 -1.26405 0.259655 -0.485595 8.89793e+007 
-1.05933 4.9255 0.408192 1.458 -4.35689 -0.299366 2.10156 -0.719674 0.0690336 0.754953 0.612935 0.911009 1.76354e+008 
1.09111 7.63205 1.15949 -0.185109 -1.13808 0.704631 3.18967 -0.511868 1.313 0.576255 -0.839003 0.939538 2.11254e+008 
-1.67445 4.8139 0.194745 -0.766687 -1.00396 0.453132 4.34038 0.607412 1.21718 1.28215 0.37055 0.0939432 2.00335e+008 
2.96862 0.75636 2.87091 0.871994 -3.52512 -1.7577 4.82915 2.27053 -0.772066 -0.764984 0.795034 0.944721 2.57608e+008 
10.5736 3.07673 2.13153 -0.651984 -2.81505 -2.43556 2.65259 -0.886149 -1.46166 -1.47947 -0.00292249 -0.890994 4.25071e+009 
16.392 1.8262 -1.20303 -3.9713 -1.10284 -1.3499 0.956557 -0.1019 0.810236 -0.974259 -0.236304 -1.37785 2.28142e+010 
17.3531 -1.2348 -1.20853 -3.23289 -0.282356 -0.23198 0.840431 -1.28165 -0.187546 0.147895 0.874742 -1.38642 2.00669e+010 
15.917 -1.95395 -2.90194 -3.11209 -1.27728 0.163136 0.949497 -0.809366 1.42053 -0.0459899 1.1052 -0.433282 1.98249e+010 
16.4876 -0.697591 -2.7786 -4.04796 -0.658344 1.1785 1.3955 -1.70089 -0.55371 -0.278021 1.50369 -1.23897 1.19043e+010 
18.0537 -0.934023 -3.93774 -3.93322 0.34996 1.74885 0.37507 -2.34986 0.0717036 0.354996 0.130432 -1.79902 9.87896e+009 
16.9328 -1.19074 -3.41474 -4.72643 0.775817 1.58689 0.638581 -2.41995 0.0202548 0.102668 0.341061 -1.97414 1.12732e+010 
16.819 -1.95885 -4.94659 -4.19295 2.455 1.81155 -0.187597 -1.15078 1.53881 -1.0253 -0.819198 -1.26596 6.37233e+009 
18.3818 -1.76716 -4.83225 -1.67427 3.31607 0.893688 -0.26722 -0.854303 -0.330713 -0.230435 -0.726849 -0.671663 8.19185e+009 
18.3908 -2.986 -5.29871 -2.45493 3.53781 -1.49794 -0.312606 -1.58007 -0.116933 -0.571913 -1.08941 -0.870232 6.16692e+009 
15.9357 0.244112 -2.22747 -2.25438 2.09542 -1.565 0.297812 -1.71794 0.750435 -0.460539 0.206955 -0.292822 1.87574e+009 
16.3919 2.3315 1.4266 -1.47417 -0.129466 -2.80989 -0.820284 0.191618 0.864245 -1.51085 -0.77383 -1.03737 2.15728e+009 
18.7564 1.37909 -0.25176 -1.09592 0.172691 -2.73233 -1.62324 -0.728961 -1.31185 -1.21271 -0.448039 0.523071 3.27742e+009 
18.8078 0.451036 -0.145463 -2.05147 0.0619963 -2.37752 -2.5142 -0.682639 -0.372324 -1.08876 -0.268757 -0.911081 2.3213e+009 
18.2465 1.50104 1.53032 -2.2709 -0.336961 -3.79239 -0.799264 -0.285876 -0.00287823 -1.41068 -1.46433 -0.99452 5.52864e+009 
18.8787 2.76931 2.18324 -0.994235 -0.0699267 -3.60499 -1.22747 0.00905613 -1.63035 -0.674855 -0.528781 0.0686422 6.44891e+009 
19.8811 -2.6335 -2.46178 1.16204 2.40303 -1.71732 -1.39231 -0.46495 -1.01481 -2.33677 0.536594 1.55245 8.21149e+009 
21.0679 -3.31385 -3.19901 1.81422 1.06926 -1.8683 -0.73602 0.785647 -2.2874 -3.22272 0.639286 2.26979 1.09895e+010 
21.7479 -3.82596 -2.80572 2.02279 2.16643 -1.77943 -0.906185 0.461819 -1.37888 -2.86206 0.0657454 1.3837 8.5557e+009 
22.0028 -1.84482 -1.7211 1.07235 2.32507 -2.3605 0.131971 1.19094 -1.27264 -2.68375 0.371415 -0.240522 5.46801e+009 
19.9141 0.560474 2.13688 1.30497 1.42078 -3.48177 0.3577 0.0573173 -1.06018 -2.37186 0.717282 1.15419 5.5194e+009 
19.3486 1.01829 1.00614 2.09892 0.801482 -3.75246 0.656498 0.687113 -0.994896 -2.54547 0.103616 0.558199 5.52208e+009 
18.3845 1.66247 2.50538 1.72328 0.178617 -2.71197 0.403077 -0.0969048 -2.68774 -1.42512 0.372702 1.38323 5.62752e+009 
20.8005 1.32701 1.60507 2.07692 0.294875 -2.7385 0.825409 -0.102762 -2.29101 -1.40593 0.203003 0.268394 5.75755e+009 
18.7241 2.55094 2.76594 2.22764 -0.0602109 -3.11839 1.11134 0.115585 -1.41052 -1.83699 0.0931623 0.00644919 5.38695e+009 
17.4548 1.54465 4.24886 3.99741 0.968362 -2.7912 0.116301 -0.514203 -3.21836 -1.64626 0.280082 0.591962 5.74583e+009 
21.3877 1.46005 2.46564 1.79939 -0.982239 -3.96238 0.116584 0.131084 -1.5653 -1.24304 0.384603 -0.630214 7.80373e+009 
20.0221 2.43676 4.0828 2.28278 -0.78945 -5.28428 -1.03537 -0.884027 -0.745008 -1.82388 -0.689666 0.615207 6.74141e+009 
18.4952 1.32697 5.99749 0.591904 -1.06311 -2.79504 0.0932482 -1.06032 -1.21964 -3.16877 -0.99474 -0.477051 5.10292e+009 
15.5884 2.66333 3.95808 1.06254 1.02763 -3.32461 -0.772689 -0.696899 -0.0820641 -2.72847 -2.45684 0.166379 2.15481e+009 
14.7533 2.02058 2.99296 2.1582 2.64783 -1.8815 0.135227 0.0493278 -1.65887 -2.50929 -0.882124 -1.07613 8.28161e+008 
12.4269 1.51134 4.21063 0.187805 1.57983 -2.26156 0.564571 -1.91904 -1.13662 -1.74838 -0.567302 -0.0917139 2.16251e+008 
11.4141 0.254569 2.45681 0.198269 1.21126 -3.3168 1.52395 -1.29826 -2.56903 -2.65106 1.25807 0.37414 7.50137e+007 
10.6685 1.08013 3.09207 0.208829 1.97015 -2.66319 2.27764 0.328222 0.506758 -0.909281 0.578408 -1.01854 6.54326e+007 
11.1023 0.0616065 3.78604 0.845162 0.190355 -2.68106 1.31101 -2.71662 -0.111443 -0.83442 0.0701328 0.401621 7.61039e+007 
11.246 1.71262 5.56857 1.25529 1.63784 -1.15462 -0.208025 -4.2775 -2.81472 -0.524993 -0.276971 -1.55774 1.3124e+008 
