4.98122 -1.55042 4.30298 1.67588 2.29376 0.303327 1.72566 -1.04393 -0.279068 -0.612768 1.21599 -1.1897 963437 
4.89352 -1.49293 3.21118 0.419225 0.371177 -1.69887 -0.544386 -1.33811 -0.62515 0.972511 0.834018 -0.87452 857895 
4.90619 -3.03077 4.26313 0.818236 -0.0930311 0.119591 1.06614 -0.240261 -0.24847 -0.883045 1.66565 -0.192154 1.20925e+006 
2.78466 -4.44107 4.43535 2.21959 2.55447 -0.133386 -0.154102 0.912524 0.847322 0.954459 0.98532 -0.848311 1.23788e+006 
3.77556 -2.47423 5.17471 2.45793 1.6275 -0.242507 1.37618 0.0531109 1.03487 0.167857 0.0361383 -0.713185 1.08569e+006 
4.45156 -2.15593 3.94669 1.69884 2.70956 0.0226905 1.25403 1.72961 1.56976 0.154739 2.07418 0.0552644 2.00903e+006 
4.33708 -3.2007 3.75922 -0.0180368 3.04054 -0.617753 -0.331372 -1.1816 0.391632 0.346807 1.3712 0.993609 1.18172e+006 
4.26611 -2.95117 4.87405 1.04035 2.77976 0.0731602 -0.985731 -0.151206 1.73492 0.188555 1.00093 1.48817 1.05975e+006 
4.55779 -3.36757 2.87654 1.46102 1.22063 0.0325169 -0.274024 -0.236175 -0.148455 0.644179 1.35842 0.148544 1.08426e+006 
21.4303 2.6531 1.52427 -4.04343 -3.2627 -1.69247 0.905073 -0.365145 -1.06043 -0.363846 -0.268625 -1.03378 1.05269e+009 
25.5729 -0.311118 -3.66329 -5.13483 0.725254 2.00138 1.61261 -1.70751 -0.743211 1.15393 0.654665 -0.697575 7.24324e+009 
22.741 -2.20379 -5.25732 0.839999 4.37621 -1.38319 -0.830148 -1.11015 0.962905 -0.836663 -0.875635 0.0828569 1.75994e+010 
15.8947 -3.96184 -0.437993 1.17085 3.60461 -2.26697 -0.934878 -0.682086 0.292549 -2.12547 0.257009 -0.229704 2.34689e+010 
13.7325 -4.03371 1.27804 1.80785 2.55551 -2.78986 0.69684 -1.16042 -0.562063 -1.15382 0.632142 -0.882317 2.24787e+010 
14.7762 -2.9129 0.346482 2.40002 1.9468 -2.4101 0.15226 -1.97037 -1.37278 0.132984 0.0331813 -0.35919 2.36356e+010 
13.8163 -3.07752 2.02304 1.39925 1.34069 -1.19701 0.320529 -4.33442 -2.17158 0.408336 -0.188044 0.896989 2.65158e+010 
15.6038 -1.58249 3.08373 1.07929 -1.52848 -0.140708 -0.0113661 -4.17963 -0.563513 0.841859 -1.42633 -0.525481 3.35982e+010 
17.1236 -1.34685 2.92222 -0.748069 -0.60811 -2.53457 0.145357 -3.02792 0.535827 -1.16961 -2.28253 -0.508646 2.57945e+010 
18.5536 -0.157913 2.29122 -0.275274 -0.337899 -1.98329 -0.625361 -1.74259 0.758415 -1.27733 -2.60356 -1.3048 3.16423e+010 
19.1922 0.673945 2.5653 -1.82825 0.0204366 -1.70385 -1.89243 -0.83388 0.514006 -1.26561 -1.73018 -1.01616 2.71179e+010 
19.3623 1.68607 0.652497 -0.867106 -0.1158 -1.95038 -0.367926 -2.77337 1.21136 0.0416725 -1.64427 -1.1837 2.62499e+010 
19.9296 2.3953 -0.621561 -1.30317 0.335283 -3.10043 -1.76998 -1.8884 2.10475 -0.138617 -0.775123 -1.52705 2.63971e+010 
17.4337 1.53355 0.830467 -1.95398 -0.775485 -2.83508 -1.57733 -0.626547 0.92777 0.1897 0.22548 -0.673052 2.60164e+010 
16.8398 0.01697 0.43982 -2.78867 -1.11935 -2.82606 -1.08474 1.10658 -0.634325 0.460274 0.846224 -1.37395 3.90256e+010 
15.8255 0.387289 0.0319525 -1.9748 -0.673526 -4.74549 -1.53948 2.18877 1.3782 -0.542282 0.700016 -0.581559 3.93849e+010 
16.1962 -0.151912 0.994333 -1.11978 -1.53543 -3.72281 -1.36864 0.284592 1.46765 -0.630719 0.729938 -0.787438 3.32576e+010 
17.5328 0.97544 0.639301 -1.52728 -2.24495 -3.0101 -0.440648 -0.158251 0.890877 -0.0420469 0.0315758 -1.29378 3.54395e+010 
19.2649 -0.0377655 1.35631 -2.74464 -3.42541 -2.36205 0.4913 0.500287 -1.02732 -0.340214 0.301666 -1.04013 2.58587e+010 
17.901 -0.729027 1.32613 -2.50759 -2.71887 -1.28274 -0.369552 -2.67729 -0.469457 -0.0247816 0.386152 -2.29486 2.99565e+010 
15.3078 3.38017 3.58221 0.349313 -2.4784 -2.91804 0.150103 -0.700238 0.00606711 -0.406248 -1.07473 -0.614219 1.33613e+010 
7.94753 3.03692 0.274032 -2.99947 -1.69336 -2.98101 0.809934 0.00961561 0.729844 1.01599 0.445512 0.384031 2.10861e+009 
6.56794 5.87135 0.843643 -3.11272 -0.576479 -3.44406 0.95305 0.636478 2.67614 0.411638 1.32153 -0.566234 1.3393e+009 
4.15325 5.08197 -0.387049 -1.57966 -0.169655 -0.872267 2.4522 -0.336873 0.364582 -0.377934 -0.174151 -1.72295 1.01477e+009 
5.04438 6.209 -0.559942 -0.196871 -1.30577 -3.0479 2.56888 -1.65912 0.641144 -0.776359 1.6555 -0.450176 1.09508e+009 
5.90886 8.04774 -1.27333 -3.36794 -1.2626 -2.9295 4.4303 -1.52243 1.3872 0.295341 0.590832 -1.28844 1.5548e+009 
6.29273 7.09371 0.918915 -0.460058 -0.516423 -5.1332 -0.0390002 -2.01072 2.29574 -0.444249 0.109496 -0.690074 3.69071e+009 
12.5345 4.25734 -3.03239 -2.54229 0.0851132 -5.55636 -2.39658 -2.22791 -0.254234 -2.06847 -1.40253 -1.86095 3.88623e+010 
11.5797 3.42249 -2.64661 -1.80802 -0.780573 -5.84942 -1.41715 -2.37669 -0.806312 -1.58617 -2.21826 -2.74385 2.84999e+010 
12.17 6.97197 -1.6457 -4.59372 -1.78509 -4.09686 1.86911 -2.85888 -1.45606 -2.19037 -1.97116 -0.326988 1.27072e+010 
12.9327 6.38304 -0.502732 -2.82262 -1.98967 -5.52189 -0.0971646 -2.16396 -0.687689 -0.840872 -0.894252 -0.696479 7.8925e+009 
10.9421 3.51692 2.08378 -1.34189 -0.306947 -0.907009 0.320089 -1.58711 -0.534587 -1.6031 0.207992 0.954569 9.21184e+008 
10.8218 5.36455 3.83363 -2.91745 -0.260232 0.187708 0.567607 -0.466247 0.69867 -0.181585 -0.110786 -1.01319 8.55269e+008 
10.2403 3.29829 3.20483 -4.41971 -1.64623 -2.2806 0.384932 -2.53803 0.447194 0.437189 0.0716196 -0.853619 4.20751e+008 
13.8346 6.38872 4.06473 -3.21835 -2.36285 -3.39926 -0.330673 -0.589489 1.08202 0.3625 -0.165933 -1.6907 1.48031e+009 
12.849 5.78555 3.25179 -1.62514 0.115679 -2.62934 0.839012 -0.750819 -0.629474 -0.0683344 -0.811717 -0.975241 7.21974e+008 
12.6097 6.41368 4.40514 -2.97989 -0.572342 -1.77447 -0.0378421 -1.9082 -0.429896 0.782517 0.902173 -0.150171 4.62197e+008 
11.8615 4.92247 3.26851 -2.89423 -1.79695 -2.18528 0.787558 1.06602 1.5129 1.38994 0.0201076 0.253175 1.67282e+008 
13.9691 4.45206 4.61515 -2.72285 -1.66254 -2.02204 -0.00513345 0.0965852 -1.07565 0.335741 0.814735 -1.28562 3.02491e+008 
13.8038 4.4558 4.52121 -0.794363 -0.603696 -3.75287 0.53843 -0.363347 1.20847 1.21617 0.236578 -1.11469 1.95295e+008 
12.7397 3.52193 5.03871 -0.758541 -2.21068 -2.44958 1.44404 -0.681895 0.941863 -0.166231 0.799254 -0.504137 9.69702e+007 
