4.98195 -1.64488 5.21051 1.08738 0.755503 -0.429518 -0.438185 1.0783 2.69742 1.096 0.415512 0.289668 1.56729e+006 
4.10555 -2.38028 5.78694 2.50417 0.676561 -0.552044 -0.120405 -1.41715 -0.553863 0.56867 2.22008 -0.0772752 1.18667e+006 
4.40225 -4.6577 5.0554 3.1945 0.00880104 0.527993 -0.635613 -1.15262 0.252301 0.611498 1.07961 -0.454544 1.78716e+006 
5.44923 -4.05153 4.1796 1.47776 -0.103659 2.10066 0.623328 -1.52987 0.118065 1.34601 -0.282798 0.172703 1.15198e+006 
4.55534 -4.24444 4.14893 0.907534 1.33577 1.02436 -2.08642 -1.58138 0.795126 1.04561 -1.10435 -1.67091 1.30634e+006 
3.89689 -3.85723 5.14456 1.13996 1.08753 0.279809 -0.411058 0.338883 1.65584 0.756212 1.12631 -1.3162 1.23456e+006 
7.94723 -3.13554 -0.74973 -5.32106 -1.34674 1.08075 3.04019 1.42446 0.143339 -1.26216 -1.20927 -1.22926 1.37219e+007 
7.35494 -4.20763 -0.335114 -3.58966 0.101659 1.79262 3.82134 2.22888 -2.44081 -1.85994 0.484617 -0.719371 7.44795e+006 
4.27088 -2.92525 2.63616 -1.0893 0.499362 -0.315411 -0.249195 -0.075207 1.74296 0.443771 0.540665 -0.434803 1.61419e+006 
4.90342 -0.971672 4.41894 0.890847 0.250948 0.541543 -0.423709 0.308819 1.19202 1.01066 1.99382 -0.927079 2.13878e+006 
5.14054 -1.81889 3.99938 0.35875 1.59503 1.78527 0.79072 -0.0672441 -0.355102 1.05923 1.44838 0.0416081 2.27879e+006 
9.67051 -2.63054 -0.342848 -3.38538 -0.311595 0.0530276 4.36151 3.14537 1.41634 1.46536 -0.54374 -2.00132 1.76233e+007 
5.592 -2.91482 1.88208 -1.69064 1.79837 1.40828 2.45168 0.767126 1.05053 0.865348 -0.0276258 -0.99043 3.61169e+006 
3.72193 -3.44728 0.799471 -0.926414 0.724763 0.0302582 1.02808 1.56525 0.195953 0.309776 0.207 -0.47156 1.07296e+006 
0.998102 -1.85778 2.97613 -0.301017 1.0884 1.64475 1.90867 0.417042 -1.32879 -0.100518 0.597939 -1.39935 1.26498e+006 
-2.14872 3.79956 -0.491066 3.55416 0.414118 -0.26418 1.85209 -2.21989 0.810854 0.698871 0.656767 -1.42635 1.61393e+007 
-4.04174 4.06902 -2.12513 0.48674 -0.626585 -0.0897913 2.47789 -3.24197 2.46391 0.105989 0.443904 -1.03401 4.07851e+007 
-6.3498 5.87147 -0.395116 2.32221 -0.178232 -0.538209 3.09919 -3.86225 5.13076 -1.17271 2.8773 0.193854 7.29105e+008 
-5.26251 3.15846 -2.20286 -2.1819 -2.12473 -1.74644 2.26494 -1.91381 3.43047 0.52437 -0.840994 0.212045 1.19824e+008 
7.45258 7.28288 0.130728 -1.88431 -3.68176 -4.8644 0.739386 -4.6689 -0.016119 -2.25724 -0.862509 -1.5434 9.01935e+009 
13.1126 -1.9244 -1.38811 -2.95911 -2.76351 -4.51096 -2.0745 -2.49982 1.37947 -1.79136 -2.36696 -1.49102 3.79936e+010 
11.3217 -1.002 -1.7366 -4.02496 -1.74045 -3.8075 -3.16191 -0.700361 1.63365 -0.819981 -0.997039 -1.86758 5.07564e+010 
13.4354 -0.56554 -1.54831 -4.10583 -0.477426 -4.57179 -3.51408 -1.10613 1.27801 -0.0220988 -0.464876 -0.0838302 4.38414e+010 
13.1802 1.25885 -0.994993 -3.39463 0.169756 -3.5915 -4.42851 -2.55487 1.22518 1.09824 0.965987 0.000413965 3.63606e+010 
12.5674 4.94257 1.95129 -3.0567 -2.06864 -4.49203 -1.36803 -0.746853 0.341728 -0.758917 -0.281788 0.186963 1.27569e+010 
12.036 6.35999 4.36049 -3.65722 -0.607216 -2.54223 -1.56211 -1.84996 0.839834 0.929004 -0.0116001 -0.856954 9.82831e+009 
11.4176 5.68969 4.71996 -3.00302 -1.16396 -3.82568 -1.05092 -0.275272 1.39499 -1.58546 -0.501377 -1.08054 1.87065e+009 
9.41185 3.26714 3.40231 -4.59069 -1.11844 -3.31811 -1.43341 0.151335 1.86137 0.0172 0.977154 0.183186 1.35546e+009 
10.6268 4.11563 4.30367 -5.23591 -1.65722 -3.41686 -1.36952 -0.0688924 0.267833 -0.244438 0.408134 -0.833622 7.27575e+008 
12.978 4.02871 3.29347 -4.95209 -2.2458 -4.26944 -1.42419 -0.327409 0.00301279 0.594096 0.989361 -1.40122 1.49865e+009 
10.6282 3.73654 3.53967 -2.06023 -1.9242 -3.01437 -1.40319 -0.415458 -1.00374 -1.69228 2.6518 0.690531 7.17618e+008 
9.06913 7.11209 1.29128 -2.63969 -2.22227 -2.11619 -1.64595 -2.47901 -0.236137 -0.354609 0.776371 1.23301 9.42698e+008 
5.66001 7.7669 0.918821 -1.84067 -5.01668 -2.871 0.0172948 -0.573609 -0.242228 -0.75478 -0.613841 3.18197 9.20587e+008 
16.5119 3.03347 1.29575 -4.70014 -3.82184 -2.62355 0.400021 -0.746112 -0.125515 -1.27816 -0.948798 -1.12433 1.34595e+010 
12.0931 -0.708123 1.9055 -4.61705 -5.76858 -0.535463 2.91862 -0.945049 -1.52561 -1.22278 -0.977519 -1.08956 1.9694e+010 
10.4979 -5.00743 0.981827 -2.42459 -4.44755 -1.44678 3.19863 -2.11305 -2.57806 -0.764149 0.624376 0.171018 2.47649e+010 
9.2077 -5.55437 -1.95204 0.462148 -1.19311 -3.05422 1.9014 -0.368726 -3.24619 -2.21513 2.0758 0.326919 2.03338e+010 
12.6351 -6.17265 0.288891 1.65514 -0.887384 -1.97388 0.335562 -0.530703 -1.85537 -1.92407 1.46755 1.68633 4.51796e+009 
10.0087 -5.06557 -0.805696 -0.429928 -2.94194 -1.74203 1.92088 0.0316732 -2.0174 0.45393 1.25099 2.0397 2.17214e+009 
11.7113 -3.53449 0.0663269 -1.80406 -0.8001 -1.68978 1.6267 -1.17477 -2.62288 0.999489 0.52796 0.0691079 5.60633e+008 
10.8129 -5.17398 -0.125545 -1.12731 -0.144792 -0.459349 1.23175 -0.595286 -2.2293 0.162159 1.0828 1.48009 5.64689e+008 
10.6673 -4.5435 2.11308 -0.0259869 -1.84872 -3.82776 -1.51034 -0.558974 -1.45165 0.349412 1.23898 -1.08167 3.55617e+008 
11.6929 -1.81628 2.9108 -1.76124 -2.3775 -1.29818 1.08139 0.702119 0.598376 -0.823647 0.213683 0.201474 3.20886e+008 
13.4786 -2.43541 0.460947 -2.30974 -1.09237 -0.166636 0.997839 -0.379124 -1.90803 1.25974 0.804094 1.20163 4.05487e+008 
12.3277 -2.23375 3.10241 -1.533 -0.455887 -0.799546 1.22602 -2.09475 -1.87613 0.22441 0.186211 -0.306912 2.31301e+008 
13.2198 -3.82108 1.72707 -1.74234 -1.51692 -2.74391 0.160429 -1.84982 -0.832988 0.696805 -0.820808 0.121271 2.35231e+008 
12.0803 -5.13673 -0.688412 -1.17559 -0.273145 -1.52657 2.30716 -0.197023 -1.32306 -0.175882 0.980078 0.811087 1.08515e+008 
13.0999 -3.18166 0.200015 -1.29868 -1.16358 -2.23765 -0.865413 0.0445844 -1.2802 -0.247316 2.71657 0.674744 2.00727e+008 
13.4525 -3.35865 0.83501 -0.844637 0.699124 0.860755 2.73628 1.19294 0.945425 0.856098 0.532556 -1.14672 1.4701e+008 
12.0874 -2.6648 0.585045 -1.34862 -0.226025 -3.11596 0.145571 -1.57322 0.169687 -0.539275 1.63675 -0.291923 7.97079e+007 
