6.56678 -0.986313 4.83577 -0.885513 0.207313 0.027318 0.524418 -2.33018 -0.645499 -0.261332 0.668028 -1.62947 2.75695e+006 
6.28731 -2.1713 3.28711 0.0152094 0.0864018 -1.29155 1.30498 -0.625604 -0.113197 0.743276 -0.175687 -0.0648297 2.17644e+006 
5.66692 -1.19985 4.67417 0.191435 1.16038 -1.20996 -1.43489 -0.408751 0.0616242 -0.908598 1.50265 0.156693 2.57111e+006 
6.636 -0.73396 3.89844 1.11186 1.44092 0.476429 1.9819 -0.344638 -1.13048 -0.525138 0.504532 -0.685447 3.21802e+006 
5.50486 -0.146764 6.09314 -0.609761 0.49415 -0.718346 0.525335 -0.57172 -1.3614 -0.279182 0.199525 -0.884107 2.39919e+006 
7.18177 -2.07785 2.58166 0.0318912 2.02277 -1.35148 1.39598 -0.399601 -0.322793 -0.188747 -1.35086 -0.91261 2.1298e+006 
5.65251 -3.27691 4.16628 -0.72669 -0.0379822 -2.05115 -0.201551 -1.5619 -0.457656 -1.25146 -1.80626 -1.31717 2.47805e+006 
6.32841 -2.17515 2.59188 -1.48605 -0.0685023 -0.404976 -0.522681 0.691232 0.686952 0.475196 1.07448 -0.709097 2.094e+006 
7.58841 -3.25731 2.20598 -0.672709 0.13239 -0.559599 0.080099 0.0160167 0.939644 0.143917 0.517089 -0.598363 2.68387e+006 
7.20927 -2.75157 2.35032 -0.609895 0.781697 -0.557974 1.33091 0.573133 0.376571 -0.518046 0.13545 -1.9047 3.14944e+006 
2.70504 1.24107 -0.149489 1.53679 -2.00843 -0.455684 1.47654 -0.508017 1.5527 -2.49458 0.895902 -1.39715 8.86277e+006 
1.10983 0.64865 -3.18654 1.51796 -1.64268 0.291402 3.0328 -1.348 1.13397 -2.06432 2.7071 -1.65706 8.96968e+007 
-0.368454 2.05428 -4.58362 2.90362 0.219893 -1.62062 2.42611 -2.00128 3.00123 -0.189085 2.62936 -1.14317 3.71423e+008 
4.6251 -3.53634 -2.24372 2.94655 -0.969874 -1.7545 4.88752 1.8347 0.118767 0.168803 2.17195 -1.05793 3.68935e+008 
6.14297 -4.78063 -3.15829 2.03632 -1.31222 -2.55471 4.56158 3.89634 2.05599 0.00231165 1.12382 -1.64185 4.60987e+008 
8.34048 -4.83049 -5.37356 0.294947 -0.385225 -1.0299 2.80825 1.48792 0.154664 -2.39173 0.201262 -1.65757 4.60879e+008 
15.5908 1.38376 -0.703788 2.61454 2.21925 -0.570673 0.220726 -1.8052 -2.09682 -2.25766 -0.734669 -2.03205 1.13692e+010 
20.0687 2.72281 -2.37714 0.323684 1.02483 -0.0125014 -0.699386 -2.79318 -1.64903 -1.04988 -0.760724 -2.49526 3.64448e+010 
20.0737 1.75305 -0.544645 1.5672 0.166946 -1.32334 -0.41864 -2.96924 -1.05979 0.0257611 0.166102 -1.88814 2.99094e+010 
20.2458 2.31317 -0.0147905 1.20948 0.572647 -1.40224 0.388231 -1.17751 -0.987266 -1.34244 -0.264173 -1.94115 2.36529e+010 
19.2397 3.9066 1.65934 -0.353723 -0.365906 -1.93223 0.69785 -0.372305 -0.00722236 -1.0911 -0.0183572 -1.06876 8.49887e+009 
18.0305 5.84782 3.92189 0.297494 -1.39717 -2.42409 0.452242 -0.979191 -0.332067 -0.985188 -0.323832 -0.758759 8.96126e+009 
17.2087 4.43733 4.53733 1.20242 -0.617392 -1.6633 0.134388 -2.84932 -0.365799 -0.426434 0.343352 -0.892067 9.30849e+009 
16.9072 5.59388 4.85149 0.739969 -1.09369 -2.36309 0.136306 -0.808523 -0.24743 -0.642315 0.534022 -1.28626 6.52947e+009 
17.6538 5.37489 3.57901 0.949781 -0.639654 -1.61227 -0.470396 -0.351073 -0.435415 -0.886513 -0.026355 -1.90357 4.91019e+009 
16.0727 5.95065 6.00729 1.0326 -0.225275 -3.01249 -1.29122 -0.915713 0.525691 -1.09068 0.216663 -1.17767 3.41327e+009 
16.745 5.86865 5.02168 2.27896 -0.243185 -2.13171 -0.42521 -2.25842 0.483508 -1.32393 -0.705947 -1.39999 3.37748e+009 
15.9901 6.87237 6.30212 2.10084 -0.316301 -1.86741 -2.00939 -1.9024 -0.526925 -0.263948 0.214283 -0.753892 3.09755e+009 
16.2753 5.83319 6.68075 1.19372 -0.864066 -2.42271 -1.87454 -1.4735 -0.149388 0.190118 -0.0470716 0.0506976 2.09762e+009 
16.8421 4.86648 6.13308 1.03434 -0.737021 -2.18165 -1.45655 -1.6902 -1.06277 0.132699 0.576934 -0.784284 1.8381e+009 
14.4786 5.24485 6.8278 0.866091 -0.473534 -1.83469 -1.12637 -1.30693 -0.210184 -0.9744 0.174125 -0.870446 6.00285e+008 
13.9028 1.79 0.128397 -5.00393 -2.80349 -0.935321 1.14872 -0.798709 -0.473496 -1.51905 -0.849041 0.62149 1.48624e+008 
19.0515 6.37111 2.00972 -3.0278 -3.30571 -1.96525 -0.804435 -0.510742 -0.790453 -0.793217 -0.387681 -1.22905 1.10575e+010 
18.2121 6.0285 0.965941 -4.10061 -1.84576 -1.86381 0.0456889 0.732643 -0.0406978 -1.25665 -1.56928 -1.70523 1.54965e+010 
16.4094 5.16505 0.717697 -6.25298 0.676187 -1.40015 -0.498117 2.1975 -0.626518 -0.859957 -1.30384 -2.67761 1.47475e+010 
13.4419 4.47319 1.43991 -6.66163 1.77769 1.08112 0.354347 0.391846 -0.16658 -1.2574 -0.726125 -0.971798 6.83133e+009 
13.3774 3.63834 0.904016 -6.85278 1.52364 1.44757 -0.152661 -2.18251 -0.539624 -1.11353 0.7808 -0.148571 9.6755e+008 
12.212 1.94637 0.530433 -3.31483 -0.0235756 -1.09719 2.97852 1.65513 1.77342 0.404296 0.96015 -1.22331 3.13281e+008 
9.62363 1.68647 -0.99067 -3.70085 0.388232 -0.638152 1.03945 -0.50272 0.210328 -1.87105 -0.216285 -1.93588 8.80594e+007 
8.67938 -0.0720157 1.02893 -2.35519 0.0190549 -0.527501 0.837228 -0.31367 0.131074 0.74819 2.14619 -1.02315 3.12786e+007 
7.91213 -0.495331 2.3341 -2.34606 -2.27322 -1.02057 1.0304 0.767998 -1.40232 -0.194725 -0.00858374 -0.139289 2.46804e+007 
7.69498 -1.90893 0.907157 -2.86269 -0.915026 -0.0694797 -0.297127 -1.18358 -0.722194 0.671656 1.30424 -0.17826 1.44662e+007 
7.22517 -1.31945 1.93516 -2.78874 0.499655 0.655709 1.44028 0.858897 -0.477121 0.705212 1.32297 -1.63207 8.84665e+006 
6.15377 -3.6224 2.58531 0.346046 2.42021 1.06604 0.136178 -0.838814 -0.32859 -0.201686 1.27885 0.454787 5.30226e+006 
6.93668 -1.94294 2.93441 -1.66376 1.07069 0.829867 2.54115 0.399816 -1.41322 -0.317334 0.81603 -0.463167 6.0878e+006 
8.61803 -2.18253 1.88471 -0.530576 2.63903 -0.0306111 0.951993 0.644697 -0.0123985 1.14894 1.98629 -0.739773 8.79589e+006 
6.81968 -2.82429 3.28717 -0.0542814 2.38964 0.666501 1.34258 -1.24943 -0.0501283 1.23399 1.216 -0.48013 7.67691e+006 
9.00696 -2.60952 2.59247 0.39864 2.14341 0.271763 0.118476 -0.599872 -0.0955849 0.240924 -0.400991 -0.0487509 5.40976e+006 
9.09102 -1.17101 4.07191 0.992572 1.06665 -1.16494 1.53291 -1.28529 1.09775 0.811459 -0.20094 -0.0855362 8.12177e+006 
8.94807 -1.17274 3.80241 0.493115 2.4217 -1.31736 0.63771 -0.785637 -0.408345 0.244227 -0.512109 0.126792 7.27357e+006 
