12.3222 -1.01705 2.49403 1.76192 2.38572 -2.29873 -0.342324 -0.806595 0.0673389 -1.34335 -0.309561 0.241303 7.68729e+007 
14.9541 -0.283266 1.16502 -1.33751 1.1361 -1.95056 0.380459 -2.06213 -0.557654 -0.698113 -1.05718 -0.0843384 4.33702e+008 
11.2065 -1.75876 1.59791 -0.619152 1.16598 -3.96255 -0.30218 -1.78466 1.13615 0.254533 -0.588186 -0.617013 1.26347e+008 
13.2811 -1.05632 2.90705 -0.670487 2.69112 -1.65528 0.591728 -1.28154 1.35662 0.454424 -0.102354 -0.79565 1.33059e+008 
11.8105 -0.306111 2.67306 -0.805277 1.77473 -1.2304 -0.466211 -1.6622 0.897902 0.984687 -0.994635 -0.741911 6.43916e+007 
11.2045 -2.60841 2.92191 2.22678 4.01034 -1.06026 0.0265064 -1.50203 1.15252 0.397227 -1.74355 -0.541918 8.68812e+007 
11.2648 -2.98648 2.15441 1.14001 2.29917 -1.97556 -0.182968 0.587652 0.681896 -1.17829 -1.41828 -0.356446 3.72018e+007 
12.6509 -3.08123 1.82524 0.334317 0.814998 -2.17482 1.20055 2.01392 1.6726 -0.968756 -1.5526 -1.26561 4.73037e+007 
11.9213 -1.52938 2.16324 -1.00521 2.31978 -2.47341 -0.504563 2.09335 3.33717 0.365246 -0.36162 -0.619382 5.70158e+007 
13.1904 -1.98412 -0.235704 -0.670097 3.645 0.485956 1.40601 1.34966 2.35676 0.271049 -0.40177 -1.86669 1.27156e+008 
13.8612 -0.688761 -0.0454909 1.00165 4.14526 -3.90731 -0.316622 -0.128606 1.09937 -0.786724 0.419917 -1.15336 7.83945e+007 
12.2222 -1.3962 -0.976813 -1.69 4.11522 -1.43688 1.03369 1.07219 1.87347 -0.662147 -0.126806 -1.1138 6.71587e+007 
10.8148 -3.68421 -0.523362 -0.159141 2.33457 -1.25067 0.711176 -0.274182 1.90095 0.0111907 0.371729 -1.48802 1.1114e+008 
6.85053 -0.985856 0.156139 -0.221634 1.49986 -5.21132 2.22554 -1.06365 -0.976001 1.21954 -1.58349 0.658009 3.09379e+008 
7.88951 -4.26091 -2.11503 1.99932 0.974304 -3.8523 2.95356 -1.06015 -1.0386 1.04758 0.0759934 0.330723 7.89926e+008 
9.18263 -3.58701 1.7975 1.78149 1.65224 -0.967161 2.83554 -2.54124 -0.702178 0.337748 -0.735928 -0.284927 6.74818e+009 
8.15134 -3.15235 -0.883036 0.86535 2.6797 -2.69494 0.909109 -2.06966 -1.99687 -0.887398 -0.13044 -0.28951 4.6995e+010 
7.05857 -3.34992 -0.380806 1.12969 1.52845 -2.22858 0.245993 -2.26827 -1.87321 -0.793852 -0.00482738 -0.277461 4.60317e+010 
7.88217 -2.84063 0.239693 0.627554 2.10602 -1.88511 -0.159863 -1.62511 -1.91806 -1.73165 0.288881 -0.226177 4.28828e+010 
12.0444 -4.77244 1.16118 1.54608 3.69196 -2.50382 -1.00046 -1.06779 -1.2231 -2.23624 0.354435 0.175325 2.26955e+010 
9.67749 -2.35995 1.07912 1.60533 2.76258 -3.48732 2.27097 -2.14119 -1.16966 1.56473 0.425874 1.02963 4.96194e+009 
8.46649 -4.12665 -0.256095 1.29513 4.44445 -2.19117 2.56115 -1.14712 -0.400278 0.506867 -1.47873 0.494643 2.28225e+009 
8.00232 -4.23066 1.92978 2.57212 2.84158 -4.10135 2.5426 -2.72881 -0.0811996 1.94076 -0.727043 -0.231368 2.97898e+009 
11.4817 -2.39954 0.220506 1.02021 3.57646 -2.36263 0.0733616 -0.840333 -1.05034 -1.45006 0.630058 -0.620478 2.26434e+010 
9.04846 -3.59705 -0.488788 -0.541103 4.27807 -2.24561 0.382427 -1.02127 -2.73374 -0.0460598 0.42852 0.562505 4.15217e+010 
9.79899 -2.93464 -0.804807 0.89315 5.06339 -2.79314 0.219075 -1.80086 -1.96526 -0.287087 0.259466 0.212898 3.83187e+010 
10.1251 -3.08424 -1.1744 0.992716 4.37252 -2.82238 0.0669901 -1.23814 -1.43023 -0.562923 0.685684 0.231907 3.36476e+010 
10.9014 -4.44314 -0.183278 0.345519 6.11226 -1.9889 -0.367822 -1.64102 -1.80171 -1.22954 1.06055 0.0349137 3.11832e+010 
10.9835 -4.85406 -0.36989 1.39253 4.05022 -2.18772 -0.157026 -0.665983 -1.44526 -1.51879 1.1657 0.877192 2.01543e+010 
13.3618 -5.04604 -1.24554 0.959993 4.35868 -1.7226 0.270544 -0.972538 -1.21235 -0.296793 2.20364 0.0407985 1.69377e+010 
15.0922 -5.2768 -0.644289 1.73185 3.76903 -1.08144 0.430589 -0.449213 -2.12238 -0.186131 1.17591 -0.697265 1.12419e+010 
14.3992 -5.0311 0.0719735 2.175 3.66007 -1.96129 -0.117069 -1.62615 -0.354628 -0.876428 1.70136 -1.33046 5.33925e+009 
15.3245 -4.01987 1.13179 2.31745 2.22153 -2.17175 0.477903 -1.80709 0.670171 -1.10051 0.0926262 -0.638488 2.06882e+009 
15.3357 -3.97023 1.44467 2.22392 3.86307 -1.06915 -0.0107868 -1.53415 0.0772363 -1.02745 0.470383 0.248176 1.36377e+009 
14.8176 -4.13894 0.664525 1.03212 4.53567 -2.17897 -0.829055 -0.710646 0.175902 -0.389447 -0.795455 -1.19768 1.08353e+009 
12.9506 -4.51088 0.127796 0.881019 2.81517 -3.92306 -0.109866 0.363823 -0.67222 0.18144 1.26639 0.268181 5.466e+008 
12.0196 -6.40856 -0.00366662 0.941234 1.84133 -3.99698 0.153183 -0.234797 0.0653094 1.55551 0.691607 1.40681 3.31381e+008 
11.2271 -5.51655 -1.43594 -0.918563 3.97173 -2.93168 0.802464 -0.313399 -0.129072 0.330175 1.46449 -0.455709 2.53989e+008 
12.281 -4.35284 1.68034 -0.116095 3.37963 -2.56267 0.769945 -0.682465 -1.33759 0.483391 1.60975 -1.62489 1.631e+008 
12.5296 -5.75497 -0.848336 -0.433128 2.83319 -3.38535 0.694245 0.882976 -0.418306 -0.599128 1.61423 -1.00818 2.50435e+008 
10.499 -5.91843 -1.0793 1.04622 3.47804 -2.4589 2.10203 1.31307 1.54866 0.815324 1.03058 -0.110875 1.73159e+008 
12.879 -5.21549 -0.70579 -0.500188 3.5511 -1.78185 -0.123695 -0.46773 -0.90881 -0.306786 0.662639 -1.17491 1.48026e+008 
12.5982 -1.9963 1.06431 0.729105 3.09961 -0.759018 0.866804 0.503673 1.24307 -0.00901949 1.29012 -1.13378 1.5145e+008 
11.9613 -2.8952 0.143319 1.8188 3.74576 -1.90429 1.51079 -1.70596 -1.45657 -0.0407571 -0.900134 -0.471122 9.6704e+007 
10.7488 -5.36727 -1.04471 2.10217 3.64869 -1.73016 -0.705651 -0.15606 0.0767429 0.641711 -0.412525 -1.6683 1.20242e+008 
10.4447 -4.59935 -0.744177 -0.665789 3.37243 -2.70905 -0.356228 -0.701183 0.455902 -0.690148 0.0480418 -0.774409 9.92825e+007 
11.5738 -3.73926 2.47027 -0.196993 4.12127 0.0419585 0.0752139 -0.527775 -0.874731 -0.186515 1.09349 -0.957896 1.02526e+008 
12.8167 -1.28434 0.355168 -1.20799 2.09545 -2.51737 0.256054 -0.0966762 1.17151 -1.00309 1.52331 -0.608059 1.07191e+008 
10.2898 -3.61932 -0.84954 -2.58209 1.92623 -0.709561 1.45518 0.516292 1.16013 0.128057 0.45739 -0.355485 5.7216e+007 
11.0787 -2.17787 1.04988 -2.30804 1.63268 -1.10059 -0.408014 1.18591 -1.35301 -0.994253 0.380764 -0.794718 4.00626e+007 
