11.8335 0.554659 2.30662 -3.38697 -1.77733 -0.295356 0.670689 0.366027 -0.735552 -0.325676 -0.347972 -0.777549 2.97272e+007 
10.461 -1.00852 1.36706 -1.93745 -0.815206 0.469675 0.359815 -1.91575 0.131909 0.666637 1.62189 -0.989645 8.19621e+006 
7.44069 -0.115054 1.67324 -2.5476 -0.177757 1.54748 0.596242 0.321561 1.91799 1.91645 0.756534 -0.980209 4.84257e+006 
7.7675 -1.52085 3.34495 -0.611683 -0.0339343 -0.0613691 1.21585 1.3834 0.565285 0.144999 0.214854 -0.0501556 2.76284e+006 
5.8151 -0.533201 5.91612 2.67657 2.3937 1.26498 0.911696 -0.32548 2.40382 -0.227152 -0.658651 0.686884 5.25859e+006 
6.45798 -2.41138 5.13516 0.9537 2.30788 0.686009 0.340782 0.549559 2.09661 1.57712 0.662887 -0.619708 5.4008e+006 
6.06586 -2.98288 5.48008 1.49487 0.976237 1.46973 2.08561 0.317855 1.75468 1.5458 1.03003 0.330437 3.27476e+006 
5.6374 -2.71836 3.15352 1.46998 3.4242 1.83652 1.45063 0.518533 1.70527 2.30929 0.274762 -0.517397 3.4065e+006 
5.1628 -2.68931 2.5152 0.584374 0.962417 0.767326 1.03574 -0.788777 0.592147 -0.54303 1.32206 -0.634627 988438 
4.73832 -3.24724 4.75766 1.62305 2.77525 1.53138 2.85697 -0.318605 1.65104 0.927007 0.840634 0.319971 1.90792e+006 
7.97026 -2.12091 1.93856 1.20742 -1.83661 -0.614088 0.580791 1.63313 2.60663 2.03205 1.20812 1.63228 1.89878e+007 
6.6079 4.02782 -1.85579 2.90626 -1.09454 2.8133 1.52857 -0.352931 0.697887 2.77934 1.85315 -0.0768053 6.96153e+007 
0.880968 4.16119 -1.31899 8.23011 -1.76745 2.30718 3.73189 0.632743 0.116007 0.15939 1.75422 0.747556 2.51272e+008 
1.32644 2.35737 -2.77969 4.65947 -3.3525 0.42254 6.31214 1.6983 -0.749115 1.0701 0.350508 1.23706 3.96249e+008 
2.10774 1.35539 -3.06896 1.93576 -4.68184 -0.981971 4.43948 -0.583562 -0.497989 2.07355 -0.0486848 2.0049 3.87719e+008 
0.0567997 0.208076 -2.22029 2.03382 -4.63525 -0.105063 4.66718 -0.743338 0.110935 1.53117 -2.03281 2.03902 5.60562e+008 
11.082 2.83432 2.3124 2.72312 -2.96771 -2.3621 1.48174 -2.94017 -2.31632 -1.49056 -1.82343 0.175815 6.19135e+009 
12.6583 3.11912 1.48148 -0.0300143 -5.5872 -3.74848 1.30731 -0.35311 -1.46487 -0.249028 -0.538402 -2.18218 3.28669e+010 
14.454 0.766318 0.878611 0.382736 -4.22441 -4.55667 3.61375 -2.38832 -1.32919 0.140512 -0.104469 -1.78445 2.04085e+010 
13.2798 1.71811 2.48093 2.14673 -4.75422 -4.23075 0.691931 -1.10687 -0.975978 0.725812 0.652807 -0.620143 7.1775e+009 
9.13686 1.6719 2.59617 0.829483 -3.95729 -1.48975 0.986663 -0.480448 -1.28702 -0.267886 -0.233713 -0.160277 1.08297e+009 
9.44106 2.903 1.6515 -0.663046 -4.21343 -2.10646 0.0600284 -0.799786 -0.27861 1.33461 1.53522 0.987834 4.66168e+008 
7.44725 0.0420612 -0.127367 -0.955159 -2.98483 -1.70402 2.21628 -1.67653 -1.24777 1.10658 1.25588 0.21075 2.77298e+008 
16.51 -0.703995 -0.0927318 -0.690908 -2.46515 -1.52563 0.972788 -1.08118 -3.26536 -1.53088 -0.88009 -1.09852 1.28717e+010 
8.77372 -4.60692 0.161033 1.21603 -0.232947 -2.57985 0.72583 -1.36882 -3.01325 -1.34883 -0.330355 -0.828235 3.51893e+010 
6.45307 -5.07059 -0.166212 0.972251 -0.913578 -2.07755 1.52579 -1.76219 -1.65885 -1.95531 1.61101 -1.22482 4.41948e+010 
6.12457 -4.46092 -0.75327 1.1496 -0.990175 -3.60587 0.594599 -1.03238 -1.6082 -1.12621 2.27672 -1.88427 4.4615e+010 
6.88323 -6.17218 -0.68433 -0.0297943 -1.08771 -3.53696 0.231473 -2.15386 -1.26823 -0.192458 2.22871 -0.0656795 3.19009e+010 
10.8117 -6.40878 0.448895 3.63556 0.543745 -1.23416 2.44685 -2.74671 -3.149 -1.36155 0.886372 0.0344569 1.83834e+010 
10.3905 -5.8091 2.43959 0.140309 -1.19582 -1.56277 2.84116 0.19232 -0.663552 0.544026 1.75862 -0.31121 1.09643e+009 
12.7448 -6.31362 0.571175 2.14944 0.943916 -1.04289 1.00487 -1.36465 -0.700596 0.626845 1.61909 0.408682 1.10768e+009 
11.8497 -6.39807 -0.953059 -0.412091 -0.0348833 -1.3702 1.53243 0.594022 0.115418 0.738666 2.5714 0.553005 7.06082e+008 
10.6122 -7.00113 0.14223 0.717863 -1.19784 -1.64957 0.42586 -2.42212 -2.5771 -0.998987 0.886064 -0.0152298 5.41052e+008 
12.1844 -5.31608 -1.98103 0.506082 0.941032 -1.29356 0.19683 -3.6875 -1.39352 -0.714962 0.975271 -0.479267 5.67447e+008 
11.9366 -6.43228 -1.80939 1.68945 -0.72629 -3.15619 -0.00359147 -2.08316 -0.705956 0.209298 1.07987 0.919982 4.8018e+008 
12.7982 -3.763 -0.0250308 0.805158 -0.12637 -3.38926 0.617606 -1.11167 -2.04917 -0.232082 0.764739 -0.171643 3.62423e+008 
7.42552 -3.1392 -1.453 0.481051 1.9931 -4.48846 0.985553 -1.53972 -0.187063 -0.352122 1.2999 0.756199 2.05051e+008 
11.1301 -3.62921 -0.527933 0.829895 2.08181 -2.80722 0.0370234 -2.44084 -0.758799 -0.632466 -0.320798 1.9442 1.91305e+008 
11.356 -4.89355 0.133439 -0.36239 -0.468901 -3.33571 0.203214 -1.61446 -2.23899 0.10058 2.42056 1.18951 2.09983e+008 
11.4711 -3.26282 -0.943742 -1.48481 -0.5406 -3.04396 -1.35488 -1.30641 -0.156719 0.407652 1.54673 0.602223 1.6091e+008 
9.80228 -4.14185 -0.330865 -2.00109 -0.0989678 -0.865461 1.58755 -1.21951 -1.2324 -0.0894001 1.12455 0.44979 5.95916e+007 
10.7756 -4.25992 1.06825 -1.11823 1.4411 0.682167 0.533495 -0.970176 1.1621 0.937754 2.49358 -1.25228 6.60873e+007 
11.4845 -3.47788 1.71713 0.535081 2.72134 0.41484 -0.140935 -1.00783 -1.48851 -0.0519649 1.17979 0.200988 5.40438e+007 
11.4804 -3.31868 1.77292 1.26909 1.49363 0.398264 -0.5242 -1.87912 0.795963 -1.66716 1.28358 0.788157 6.47881e+007 
11.0395 -2.47592 1.02201 -0.0751358 1.956 1.18796 -0.157041 -1.90352 1.15006 1.32793 1.74417 0.585973 5.20765e+007 
9.91094 -2.02769 2.16347 1.41575 2.21922 1.49786 2.79426 -0.58848 1.50414 1.03502 3.26638 0.424782 7.45693e+007 
11.9551 -3.44878 1.43321 1.80872 3.23593 1.32093 2.22088 0.00138669 0.584952 1.79157 2.00515 1.83296 8.44152e+007 
11.4266 -1.19735 3.17976 0.0800631 2.94022 -0.539048 2.30584 -0.666563 -0.110902 2.91574 2.67692 0.516536 7.87728e+007 
10.9982 -0.916754 2.4615 -2.24477 2.1298 -0.123312 2.42398 1.19009 2.14458 0.0299105 1.00948 0.320982 4.02682e+007 
12.382 -0.222633 3.34846 -0.102573 3.72794 0.928499 1.52552 -0.907835 0.724253 0.393462 1.483 -0.0495941 1.00906e+008 
