11.1623 0.722473 3.47573 2.2798 4.18261 -1.13917 1.28646 -0.730367 0.296035 -1.08669 0.599809 -0.871202 1.0242e+008 
9.32818 -2.58758 2.27034 1.94911 3.78173 -1.71625 -0.134679 1.14632 0.551105 -1.18218 0.233214 -1.05644 4.73523e+007 
10.5214 -1.07478 2.05922 2.05057 2.78372 -3.52229 -1.76178 -0.682389 -0.930487 -2.04707 -0.185458 -0.963174 2.31419e+007 
9.27852 -1.69879 4.78889 4.25267 4.926 -2.41017 -1.66515 -0.619556 0.568338 -2.54218 -1.33969 -0.595422 3.18053e+007 
8.41378 -1.13932 4.53407 2.03794 2.0645 -1.99879 -0.134111 0.785613 1.65412 1.02833 -0.482565 -1.46659 1.64584e+007 
8.97116 -1.61136 3.13697 1.32818 0.392185 -4.1044 -0.722777 0.395833 1.91658 0.462408 -0.0584187 -0.768038 1.58621e+007 
7.59238 -2.16331 2.17072 0.76301 1.35793 -2.98629 -0.358376 0.113207 0.468182 -0.5796 0.146081 -2.3993 9.97692e+006 
9.44543 -2.08881 3.95721 1.91889 2.3947 -2.45681 -0.920209 -1.50028 0.714204 -0.956596 -1.03969 -0.981684 2.4133e+007 
10.0409 -1.89742 2.65217 2.68681 3.22172 -3.2274 0.133855 -0.10377 0.285845 -0.397071 -0.644006 -0.505584 1.34115e+007 
9.11354 -1.92454 3.22041 1.71505 2.56328 -2.19142 -0.369586 0.135665 1.1895 -1.28678 0.78817 -0.148402 1.1922e+007 
11.764 -2.21819 2.58027 1.97554 3.22598 -1.64703 -0.654568 0.0705067 1.80863 -0.71527 -0.411713 1.37015 1.77878e+007 
10.1832 0.188099 4.55602 4.02676 3.06753 -1.7887 -0.978135 -0.500977 0.440369 -0.00721938 0.709361 -0.254962 3.24093e+007 
9.65558 -1.93578 3.17038 1.5903 1.22931 -0.819254 0.369832 -0.304973 1.7149 0.695547 -0.626807 -0.43888 1.02356e+007 
9.79242 -2.64588 2.2335 2.05332 2.02721 0.816363 0.390438 0.227861 0.101181 -1.38125 -0.323443 -0.0246714 1.42583e+007 
14.3135 -3.9914 -3.78937 -5.46849 -0.435096 3.04003 4.75213 3.36242 0.126214 -1.61508 0.248486 0.256204 6.62202e+008 
14.8733 1.26729 -0.806463 -1.14293 -0.227638 0.0822943 0.27618 -0.106608 -0.577056 -1.44863 -1.18186 -0.17225 5.30105e+009 
13.4017 -2.44096 -0.339116 -3.71892 -2.36148 -2.09985 2.68153 -0.0485782 -2.4111 1.2755 -0.0725646 -1.34056 4.81571e+010 
11.6176 -1.99442 0.0220628 -3.04573 -0.337283 0.032396 1.02269 -1.84226 0.157389 -0.620793 -1.02819 -1.04473 5.0275e+010 
9.38079 -2.15821 -0.261504 -2.34481 1.90563 1.21135 -1.40856 -1.11925 -1.74254 -2.13958 0.189241 -0.918796 4.5873e+010 
9.55847 -2.8076 0.293961 -0.0577136 3.05738 -1.73804 -0.896807 -1.80942 -2.48253 -0.765347 0.276044 0.74068 4.57805e+010 
9.2289 -2.4056 1.34347 0.237312 2.63038 -2.80782 -0.79754 -2.85597 -1.67871 0.104591 1.97577 -0.573411 3.90442e+010 
13.8151 -3.12874 0.629813 0.696748 1.24929 -1.52497 -0.315869 -2.39237 -0.993316 -1.02817 0.196939 -1.18337 2.88849e+010 
15.9106 -0.379489 1.80084 0.193154 0.270217 -1.70721 0.263549 -1.03192 -0.452133 -1.02637 -0.395233 -0.641285 1.49436e+010 
16.6629 -1.92579 1.24918 0.983483 0.193648 -1.64941 0.98877 -1.52433 -0.0700981 -1.07314 1.43015 -2.25032 1.05176e+010 
18.1096 -0.163219 1.30451 -0.135766 0.287891 -2.51469 0.337475 -1.53861 0.851456 -0.361675 0.185418 -2.93033 1.04007e+010 
18.2267 -0.315316 0.82918 1.06393 0.594658 -2.79238 -1.28329 -1.44975 1.14497 -1.33443 0.732421 -2.44103 9.64555e+009 
18.3784 1.05634 -0.868369 1.16833 1.50753 -2.01319 -2.15802 -1.66951 0.454699 -0.796862 -0.0543551 -1.23885 8.58903e+009 
17.1311 0.438899 1.21473 2.9966 0.788446 -3.03011 -2.66181 -2.46677 0.618173 -0.291566 0.100515 -0.925632 8.91659e+009 
20.1584 0.353527 -0.0855468 0.378222 -0.148709 -2.18027 -1.38583 -0.359786 -0.33074 -1.38528 -0.22913 -1.09532 8.32276e+009 
16.9038 -1.65717 -0.612236 1.54431 3.33059 -1.57432 -0.523923 -0.591929 -0.432573 -1.33288 -0.59381 -1.19486 1.99769e+009 
14.1188 -2.94331 -1.82773 -1.30126 1.40952 -2.31892 -2.151 -0.974808 0.328553 -0.621382 0.822526 -1.16186 2.65041e+008 
12.0316 -2.80915 -1.34307 -2.56884 1.07838 -2.24174 0.0791683 -0.0488925 1.77866 -1.02213 -0.243122 -1.73255 2.84663e+008 
17.9962 -0.0513566 0.342489 -1.75293 -2.17006 -2.07738 2.48288 -1.97423 0.605457 -0.664472 -1.2711 -1.75367 1.49185e+010 
17.0781 -2.32539 0.504614 -1.64532 -2.31723 -2.38069 3.79013 -2.48524 -0.705441 0.0859787 -0.32124 -1.14156 3.17516e+010 
18.3831 -3.08259 -0.555346 0.0370491 -1.51077 -1.40162 2.18858 -1.67564 -0.322282 -0.735428 -0.426326 -0.804937 2.28238e+010 
18.6863 -1.43057 0.478652 -0.0661546 -1.0472 -3.07721 2.41451 -0.296781 -0.194399 -1.7091 -0.308146 -0.807441 1.68524e+010 
17.4767 1.23595 2.43151 -0.297814 -1.09723 -3.02471 2.04698 -1.57279 -0.0724634 -0.945045 0.36061 -0.714016 1.03987e+010 
17.8529 3.1644 1.86317 -0.537789 -0.681061 -3.19202 1.70678 -2.74142 2.2397 -2.58404 0.164167 -0.683161 1.08482e+010 
19.3414 1.54355 1.33299 0.87917 0.256866 -3.60424 1.06925 -1.36126 0.736109 -1.78656 -0.450903 -0.242564 1.20173e+010 
18.8039 0.702771 3.50184 0.685388 -0.84615 -2.78038 1.16589 -0.0469398 -0.36375 -1.67693 0.0962603 -1.04266 7.22215e+009 
19.0259 1.23775 3.04614 -0.0673608 -0.248825 -2.2454 0.313785 -0.998426 -0.988156 -0.578798 0.80279 -1.25697 7.28932e+009 
17.3555 3.0498 5.61562 1.22497 -1.32756 -5.06096 0.709799 0.416351 -0.925731 -1.25869 1.11745 -1.28954 7.89837e+009 
17.3983 2.79399 4.00807 1.98543 -0.909433 -4.09344 1.1595 -1.94064 -0.0279498 -0.0136918 1.25729 -1.22569 5.31442e+009 
17.0999 3.05843 4.62867 1.46841 0.576524 -2.34274 -1.24944 -1.96172 0.407506 -0.379547 1.18295 -1.53567 4.76625e+009 
17.2292 2.18389 2.47652 1.14752 0.00273476 -2.90315 -0.878856 -0.590466 2.72867 -0.552942 -1.43697 -1.5401 3.67501e+009 
16.5443 2.95206 3.34025 -0.168407 -0.658463 -2.99392 0.545417 -0.218365 0.797693 -1.74298 -0.139774 -0.774953 2.41325e+009 
14.8763 0.787045 4.78643 1.49131 -0.643641 -3.14262 1.17502 -0.63976 1.64357 -0.722942 -0.888748 -2.08083 8.86619e+008 
13.0074 -1.07689 3.04691 -0.0780992 0.740552 -2.8846 0.994904 -0.412085 0.856408 -1.8053 -0.629583 -1.77556 2.8647e+008 
12.5037 -0.734579 4.53541 0.862038 1.92335 0.649243 2.89987 -0.338128 -2.80494 -1.9834 -0.40335 -2.32982 1.70449e+008 
10.5647 -1.06689 2.38039 -1.35313 0.826991 0.976562 2.22188 0.253161 0.567367 -2.74334 -1.53935 -1.47288 1.0829e+008 
