5.58478 -1.37093 2.48107 0.612642 3.21344 0.523356 0.842323 0.0571802 0.396305 -0.185371 2.25768 -0.571378 3.04502e+006 
5.00635 -2.22549 3.37898 0.104308 0.985406 -0.65401 0.590906 1.52051 1.24172 0.0485273 0.687707 -1.50446 2.49122e+006 
3.81665 -4.96414 2.68084 2.13948 1.5275 -0.0477066 0.328165 -0.894323 1.32468 -1.16996 1.30238 -0.72382 3.00868e+006 
5.17553 -3.29707 1.40907 1.11716 2.71313 -0.469329 -0.16269 0.189126 0.281206 -1.39653 -0.464397 -0.807452 2.84913e+006 
4.07656 -3.57796 2.08053 0.47766 1.66631 -2.12169 -0.0392903 0.131457 0.405496 -0.642778 0.764 -1.36771 2.02672e+006 
5.88056 -3.94674 1.69093 1.46629 1.12647 -0.804794 0.216459 -0.996111 1.39923 -1.15451 0.430632 -1.3066 2.97616e+006 
6.40521 -3.68528 4.07784 0.705621 0.866011 -0.779128 1.99161 0.728677 0.876339 -1.08812 -0.412209 -1.01475 6.60299e+006 
6.53247 -11.2142 -0.237842 -3.5561 -2.69856 0.0998304 4.14109 -4.09018 2.46538 -0.780407 0.0258162 0.951245 2.03913e+009 
8.26855 -4.85838 0.515511 -3.89906 -1.03011 1.51736 4.55659 -2.41017 -0.0630973 -1.174 -0.939671 -0.0906084 3.07755e+009 
-0.0311409 -5.21387 1.64564 -0.855798 0.0510515 1.21533 3.72845 -0.959443 -1.26433 -0.527591 -2.0477 0.396775 1.93354e+009 
-2.62269 -6.40244 3.53687 0.0286081 -0.0070276 0.124632 4.31552 -1.20185 -1.04657 -0.073184 -0.870722 1.6172 4.55978e+009 
4.98468 -4.04157 4.21937 -0.055415 2.24128 -1.26198 1.24149 -2.06431 -1.49598 -0.50085 -2.29311 1.20228 5.25421e+009 
9.2627 -2.60412 1.31489 -0.906008 2.30818 -0.28571 0.0324683 -2.79351 -0.447927 0.0472006 -0.787194 -1.69288 3.03882e+010 
7.98843 -1.43319 -0.245977 -2.32484 0.703667 1.48829 -0.554179 -5.78151 1.17945 0.655012 -0.868686 -2.3349 5.05198e+010 
9.91687 -1.84196 0.875291 -3.91247 1.54104 1.14979 0.526303 -4.86704 -0.192227 0.200796 -0.128193 -1.85975 4.25537e+010 
11.5794 -1.26664 0.8442 -3.65684 0.176313 0.351011 1.15896 -1.60994 -1.20587 -1.60529 0.608147 -0.926113 3.06833e+010 
11.8703 0.680565 -0.411782 -3.95769 0.676891 -1.16076 0.68845 -0.72305 -0.0622578 -0.894086 -0.96066 -0.653505 2.41872e+010 
12.9775 1.17018 1.20177 -2.6636 -1.47784 -3.93086 0.675301 0.511626 1.62523 0.164366 -1.89633 -1.3156 3.21985e+010 
12.5951 1.99355 1.67438 -3.63717 -0.894081 -4.55239 0.530587 -1.06136 1.22251 1.08449 0.280111 -2.84434 3.04397e+010 
14.3521 3.12233 1.40446 -5.44588 0.033935 -2.12628 -0.502421 -2.35241 1.1947 0.805477 -1.12851 -0.748566 2.27018e+010 
12.7595 -0.934314 1.98728 -3.54757 1.07913 0.361746 -0.653875 -1.22581 1.23851 1.60323 -0.330122 -1.7756 3.66632e+009 
10.4561 -3.8083 2.65224 -3.59333 -0.284077 0.857496 -1.19625 -1.06628 1.04309 -0.280407 -0.235593 -0.969811 5.29901e+008 
11.4118 -2.43655 3.42521 -3.21195 0.959889 0.28399 -3.1289 -3.31749 2.25099 0.444751 -0.569758 -1.80718 3.5888e+008 
11.6773 -0.871974 0.00502193 -3.57255 0.0798864 -0.602751 0.55155 -3.71956 1.50023 0.178587 -1.66146 0.391079 7.65199e+008 
14.6316 0.405368 1.72464 -4.11277 -1.54963 -1.35349 1.30666 -2.05632 1.90402 1.27379 -3.3031 -1.43049 2.3591e+010 
12.5873 -1.22844 1.93586 -3.87754 -2.09601 -0.858299 2.19391 -1.98352 -0.953731 0.64968 -1.87616 -0.943335 4.06602e+010 
13.5269 -1.53884 2.20952 -2.07554 -1.26321 -1.58153 2.93454 -2.04237 -2.75075 0.0591186 0.499094 -1.60705 3.03151e+010 
15.4416 -3.01507 2.197 -0.961351 -0.337198 -2.30635 1.20897 -0.446689 -1.87757 -1.09855 0.551094 -0.30444 2.21768e+010 
16.0927 -0.997063 1.83774 -0.360325 -0.845007 -2.34562 0.854698 -0.742298 0.378971 -1.41782 0.0828671 -0.890039 2.06805e+010 
15.1861 2.86876 2.98499 -0.386673 -1.66922 -3.5297 2.08018 -0.920234 0.717758 -2.03075 -0.101029 -1.29116 2.12175e+010 
14.9235 3.49332 3.69071 -0.298732 -1.99006 -3.01916 2.35091 -1.9201 0.900777 -0.778594 -0.631881 -1.66223 1.57071e+010 
15.6309 4.1934 2.76993 0.498107 -1.46035 -2.82831 1.54071 -1.25073 0.664587 -1.60389 0.70297 -2.01308 1.34322e+010 
17.0279 2.69161 2.37675 -0.304699 -1.24682 -2.68746 1.72463 -1.31615 1.18004 -1.13707 -0.160316 -2.45446 1.04976e+010 
16.7985 3.13239 3.10482 -0.605743 -0.948569 -1.94781 1.41878 -0.510156 0.691766 -1.25005 -0.323345 -2.19409 8.05511e+009 
15.5654 4.47522 6.0718 2.16981 0.251409 -2.50018 -1.37454 -2.22231 -0.24404 -0.568396 0.517891 -1.01883 9.42247e+009 
17.1849 3.59579 5.85956 0.317248 -1.26945 -2.79669 -0.678088 -1.38036 -0.308567 0.372294 -0.200201 -1.51715 1.05163e+010 
17.474 4.48052 4.26911 -0.0233827 -1.69452 -2.89547 -0.242964 -1.28003 0.654605 0.153959 0.0804205 -2.51754 7.71167e+009 
16.6109 5.35918 4.86223 1.96844 -1.31461 -2.69899 -0.123092 -1.29564 -0.333108 -0.967022 0.0403225 -1.11644 6.18339e+009 
16.0623 3.00897 5.71989 1.12565 -0.91521 -3.06856 -0.522218 -0.333662 -0.845691 -1.66769 0.189635 -2.02583 3.74171e+009 
14.4203 3.21945 3.76849 0.613619 -0.587212 -3.35248 0.336242 0.647721 0.810727 -0.823375 -0.637694 -2.62055 1.3249e+009 
12.572 1.5131 4.85925 0.094668 0.530546 -1.89211 -0.107551 -0.271144 -0.0651832 -1.90706 1.12958 -3.25553 3.50261e+008 
14.8003 2.09541 3.2054 -1.10565 -1.60189 -3.55088 -0.276282 -0.405971 -0.181123 -1.23263 1.07234 -1.98163 3.42166e+008 
13.5437 0.891999 2.65987 -0.588801 1.01372 -1.61419 1.04261 0.308588 -0.567796 -0.43738 -0.0816713 -3.17239 2.73088e+008 
12.6728 1.00612 4.11562 2.10296 2.42828 -1.11606 -0.951479 0.115579 0.975591 -0.581612 -0.428317 -3.97099 3.4213e+008 
13.5869 0.338695 4.53227 3.76605 1.43138 -1.6928 0.363057 -1.66146 1.14426 0.472312 -1.82522 -2.23924 3.85079e+008 
12.218 1.50459 3.64422 2.51244 1.01894 -1.71217 1.16656 -0.0316391 0.622437 0.297183 -1.28993 -3.03466 2.4933e+008 
12.6323 0.854008 4.81478 1.61652 1.25627 -1.97637 -0.89904 0.45971 1.55169 -0.652794 -1.18455 -3.22706 2.73788e+008 
13.0086 1.48813 3.88185 1.03541 3.19422 -1.3979 -0.777768 0.683869 -0.0992172 -0.692676 -1.33315 -1.78543 3.00464e+008 
13.495 2.12354 4.85189 1.70823 0.58001 -2.75339 -0.150693 0.317552 0.797791 -0.496991 -0.843359 -2.48147 1.50482e+008 
