6.79877 0.255791 3.80506 -2.05205 -0.377774 0.333754 1.93445 0.783262 0.84024 0.0449571 0.00158574 1.57814 7.58649e+006 
6.58012 2.00803 4.61149 -1.71603 -0.0303476 -0.823592 1.82464 1.6671 1.55897 0.720165 0.704434 -0.847665 8.26666e+006 
3.90861 0.110346 6.06308 1.13384 1.58976 -1.16681 2.28888 0.500645 1.36226 0.874717 1.16548 1.24962 7.34407e+006 
4.0355 -0.0650278 4.61796 -1.07503 1.77641 -0.50007 1.29775 0.752457 1.50626 0.3808 0.589234 -0.452569 2.42763e+006 
4.32451 -0.366802 4.31066 -0.366576 3.32083 -0.37372 0.241594 -1.04207 -0.389011 0.327734 1.63539 -0.7357 1.93188e+006 
2.96346 -0.833979 2.77026 -0.364731 1.51581 -0.746795 2.72865 0.500438 0.31524 -0.43996 0.0114218 -0.122301 2.22554e+006 
6.21751 -2.08381 1.02168 -3.58748 0.482323 -0.419804 2.86778 0.372201 1.19433 -2.22626 -1.47276 -0.304334 1.42314e+007 
6.89805 -1.86633 -0.414434 -4.90185 -1.90821 -1.68052 2.1798 -0.00399694 -0.146968 -2.52473 -1.6726 -0.523652 2.84079e+007 
4.90531 -2.41391 0.737305 -3.31218 -0.995792 0.278383 3.51861 -0.214658 1.06976 -1.83301 -1.68777 -1.57589 7.30729e+006 
4.12346 -2.40446 3.07561 -2.14303 0.764855 0.500151 1.78542 -0.28701 2.13485 -0.41787 0.481049 0.155766 2.50881e+006 
6.08563 -1.5978 4.34245 -1.76503 1.38424 0.0373497 0.617475 0.519714 0.417403 -0.0591068 0.0226061 0.378042 2.65511e+006 
7.35995 -0.436691 5.04131 0.177602 1.27721 1.06923 1.95958 -0.611363 1.40015 0.185942 1.94745 0.643888 6.14712e+006 
6.80566 2.6825 3.52622 0.30583 1.46508 2.28983 3.47475 1.00896 1.42349 0.604058 1.45499 0.543723 1.2885e+007 
4.44076 -0.150032 4.18276 0.438874 0.364524 -0.600649 3.10128 1.7964 1.31761 -0.918316 0.373628 0.187853 1.56052e+006 
7.58203 0.254495 4.38786 -1.20033 1.1169 1.05938 1.27244 0.797779 0.855227 -0.0170602 1.3631 0.333808 9.07989e+006 
12.0655 -1.48729 4.44022 -4.57238 0.187672 -0.0559081 1.77575 3.50087 -0.614588 -3.10655 0.8872 0.531725 1.29528e+009 
1.91741 -2.99557 4.42488 -0.457739 -0.554908 0.508641 2.27397 1.33585 -0.464465 -0.837685 0.507615 0.780643 1.26567e+009 
-3.39202 -4.7113 2.38588 0.204466 0.717585 -0.273979 2.14663 0.26659 0.41737 -0.211074 -0.26048 0.464135 5.69999e+009 
-0.562162 -3.23955 4.88084 3.55726 1.59914 -0.764447 0.351803 -1.36416 -1.56617 -1.26636 -0.111763 1.427 7.90795e+009 
6.30625 -3.58207 4.92651 2.76956 -0.196132 -2.71223 -0.232753 -2.51878 -1.30532 -1.9844 -2.02258 -0.690473 2.23894e+010 
10.1084 -2.22309 0.957728 -0.544767 0.41136 -1.68465 0.278948 -3.01667 -2.07305 -0.572016 -1.0874 -1.58193 2.82413e+010 
7.59473 -3.46412 0.0164389 -1.72238 0.850637 0.593894 0.147182 -2.88753 -1.15528 -1.47782 0.410386 -1.19888 3.61469e+010 
8.17983 -2.45175 -0.121554 -4.60116 -0.398074 0.608817 0.393327 -2.86404 -1.43374 -1.86596 0.369971 -0.616382 4.04247e+010 
10.4698 -0.568695 -0.282632 -5.14174 0.111797 -1.17948 -0.560611 0.123547 -0.986819 -1.90236 -0.588924 -1.88233 3.3216e+010 
11.3931 -0.156614 0.461336 -4.82651 -0.486991 -2.77459 -0.253345 0.114627 -0.145079 -1.77655 -1.29098 -1.84075 3.55877e+010 
13.4399 -0.251474 -0.151256 -3.98788 0.247102 -3.08113 -1.47868 -1.46276 -0.0587273 -0.118582 -1.18406 -1.48445 3.45904e+010 
15.0873 -0.0894113 2.25234 -3.04271 0.109179 -2.62448 -2.11935 -0.965716 0.382264 -0.428794 -0.443747 -0.773793 1.79173e+010 
14.5177 1.6317 1.79852 -3.39458 1.14278 -1.1355 -1.22982 -1.83149 -0.870357 -0.305799 -0.364733 -0.77977 5.36629e+009 
11.8285 -0.963888 1.06383 -5.64635 1.17864 -2.43616 -0.796936 -2.52322 -0.49501 -0.243225 -1.39983 -0.779658 1.41143e+009 
9.95017 -3.51936 0.699149 -1.05307 -2.30915 -3.81518 0.808256 -1.21239 -0.00526577 -1.16883 -1.03619 -1.53549 4.49258e+009 
11.0402 -1.48643 2.45407 -4.1192 -3.66789 -2.34182 1.66129 -0.460197 -0.520605 -0.592918 -2.31796 -1.57386 3.68649e+010 
9.43675 -3.00877 1.24408 -4.01177 -2.37714 -1.78687 1.57626 0.351868 -1.437 0.320448 -2.394 -2.0828 4.30055e+010 
7.5091 -3.47072 1.5741 -4.52759 -3.31283 -1.74517 1.43462 0.126606 -0.842225 0.337807 -1.84854 -3.50983 4.73975e+010 
7.19295 -2.77402 2.48896 -2.55255 -3.12772 -1.02593 2.27048 -0.98525 -1.07367 -0.493606 -1.53689 -3.73303 3.80045e+010 
10.3861 -2.71868 4.08328 -0.842826 -2.94638 -3.19186 1.6553 0.745673 -0.450964 -1.16831 -0.963111 -4.78965 2.99794e+010 
13.88 -1.95335 3.56017 0.0976393 -2.27839 -2.85417 1.40549 -0.787026 -0.459126 -0.615588 -1.30406 -3.1847 2.02526e+010 
14.7546 1.18037 5.4626 0.00199131 -3.64663 -3.54522 1.04796 -1.02737 -1.08207 -0.909354 -0.630437 -1.73238 2.4201e+010 
13.8189 2.0025 5.04268 -0.354515 -2.38409 -2.5855 2.61625 -2.29784 -1.36032 -2.26976 -0.0653134 -2.87262 2.04256e+010 
13.5623 2.39606 5.7468 0.729059 -1.00825 -3.18116 0.807009 -2.82814 -0.0562489 -2.00325 -0.219232 -2.68195 1.50231e+010 
15.9728 1.97289 3.62633 -0.735952 -2.93176 -2.1189 1.63987 -0.212438 -0.829463 -2.13795 -0.987802 -3.64368 1.31784e+010 
15.2264 2.28191 3.5815 -1.08392 -2.52285 -1.74489 1.8237 0.40283 -1.15864 -2.93295 -1.33851 -3.10881 8.77421e+009 
14.6843 1.54923 5.23344 -0.649901 -1.89922 -1.15349 1.0178 -0.965806 -1.25277 -2.6673 -0.0440911 -1.43472 3.94358e+009 
14.885 2.05008 4.21216 -1.40597 -0.817828 -1.95209 1.45762 -1.40063 -0.250938 -1.93179 -0.413072 -0.777223 2.5853e+009 
12.3605 -0.42178 3.87758 -0.0711546 -0.767998 -0.40141 2.63523 -0.590215 -0.288391 -1.55762 -2.40879 -3.10303 5.85607e+008 
12.5459 -0.622204 3.33392 -3.2769 0.365378 -0.326509 1.63435 0.169012 0.889534 -0.904854 0.8485 -2.12778 2.38801e+008 
11.6087 0.747352 2.48013 -3.11447 -1.71756 -1.37096 0.209002 -0.745253 1.00412 -0.365146 1.29685 -1.66208 2.6976e+008 
11.5467 -1.2524 2.89536 -4.53836 -2.78409 -1.14618 1.72783 1.22348 0.589629 -1.61351 -1.49189 -1.81216 2.19944e+008 
11.3096 -1.37434 3.33932 -3.30899 -1.36668 -2.19749 1.05814 0.603909 0.474336 0.179604 -0.147591 -1.79572 9.1959e+007 
10.6806 -3.0749 4.09824 -1.37082 -2.20756 -2.12884 2.45596 1.27868 -0.948746 0.339345 -0.494509 -2.60796 7.09893e+007 
11.9667 -2.30369 2.9799 -4.08537 -2.95021 -3.32542 1.35375 1.88544 -0.186507 1.5637 -0.4592 -2.41139 1.86008e+008 
