22
19.260799 1.241030 -1.442170 -0.110724 -0.007572 -2.954740 -0.199799 0.340113 1.015200 -0.872706 -1.390030 -1.282010 -1.294701 0.768032 1.004890 1.653526 -0.761902 -1.586090 1.416331 0.285234 1.180933 -0.876912 -1.254788 -0.189640 -2.305500 0.559762 0.370950 0.557666 -1.517640 -1.509000 3.536055 -0.901545 0.770260 -0.156949 -0.701486 -0.390730 12.349302 11.118568 10.661875
20.555500 0.472998 -2.447060 -1.764250 0.754330 -1.368650 -1.616130 0.054879 -0.165733 0.004206 -0.135242 -1.092370 1.010799 0.208270 0.633940 1.095860 0.755738 -0.077090 -2.119724 1.186779 0.410673 -0.719964 -0.553302 0.201090 2.276299 -0.185090 -1.098360 1.588650 0.933355 0.552008 -2.201914 1.474872 0.795680 -1.463414 -0.810771 0.148010 1.230734 0.456693 0.847924
19.544701 0.264728 -3.081000 -2.860110 -0.001408 -1.291560 0.503594 -1.131900 -0.576406 0.724170 0.418060 -1.293460 -1.265499 0.393360 1.732300 -0.492790 -0.177617 -0.629098 0.082190 -0.288093 -0.385007 0.743450 0.257469 0.053080 0.319101 0.077501 1.769960 0.462970 2.076334 -0.577268 0.301417 -0.113243 -0.661435 0.080643 -0.273791 0.229120 0.774041 -0.391231 -0.717866
20.810200 -0.128632 -4.813300 -2.367320 0.176209 -0.662462 0.421404 -0.843807 -0.191399 -0.019280 0.160591 -1.346540 -1.584600 0.315859 -0.037660 -0.955760 -2.253951 -0.051830 -0.219227 -0.174850 0.276428 0.662807 0.531260 -0.176040 -2.519501 -0.581340 0.694010 -1.517180 -0.958531 1.832022 -0.798369 -0.491862 0.041779 1.021748 -0.678701 -0.455710 1.165272 0.326635 0.475146
22.394800 -0.444491 -4.775640 -1.411560 2.430160 -0.610632 0.640631 -0.668957 -0.467827 -0.682087 -0.370669 -1.170500 0.934900 0.897199 -0.731670 0.561420 -1.295420 -1.883852 0.579142 0.317012 0.234649 -0.358941 1.209961 0.279670 -0.136999 0.927799 0.228590 2.008559 -1.352200 -2.354195 0.144583 -0.022919 -0.962265 -0.862026 1.517331 0.383040 0.838638 -0.148511 -0.306261
21.459900 -1.341690 -4.043970 -1.972980 3.725580 1.273220 0.061489 -0.985969 -0.702476 -0.323146 -1.580630 -1.450170 1.071899 -0.030600 -0.960260 -1.447139 0.056780 0.470343 0.434558 0.339931 1.196914 0.503085 -0.307370 -0.103370 -2.132101 3.451700 1.617791 -1.001628 -2.722553 0.031221 -0.082878 1.013852 1.952584 0.683622 -0.454450 0.399574 0.987148 0.157750 0.111077
20.388000 -1.311090 -3.083710 -0.525841 3.668800 0.802877 -0.373069 -1.325900 -1.899390 -0.826231 -1.273260 -1.346800 3.204000 -3.482300 -2.578051 -0.445511 2.779333 0.439122 0.517436 -0.673921 -0.755670 -0.180537 0.147080 -0.502944 4.222200 -2.465040 -0.122212 1.422870 1.987694 -3.306243 1.291298 0.062893 -0.964010 -1.641243 -0.083000 -0.207064 0.829398 0.046674 0.455568
17.184000 2.171210 -0.505659 -0.080330 0.889467 0.363755 -0.890505 -0.651979 -1.143720 -0.645694 -1.420340 -0.843856 -1.018200 -1.017260 -2.455839 -1.868380 0.791639 3.745365 -0.773862 -0.736814 0.208340 1.460706 0.230080 -0.295880 -1.243099 -1.456210 -1.733499 0.053009 1.472296 4.000675 -1.847849 -1.445747 0.636222 1.831446 0.675830 -0.276871 0.782725 -0.408894 -0.532847
18.202200 3.188470 1.950180 1.788050 0.097828 -3.381610 -0.116643 0.084835 -1.352060 -2.106400 -1.650420 -0.547976 0.224899 0.438950 -0.722340 -1.921390 -0.680656 -0.255310 1.073987 0.708934 -0.427882 -0.370740 -0.445750 -0.019009 -0.724302 0.083220 0.371360 -2.120800 -1.340521 0.632240 1.332994 0.980433 -2.037854 -1.200640 0.397241 -0.096613 1.191619 0.123952 0.156748
17.977301 2.749520 2.672520 3.709440 0.778484 -3.126300 -1.190630 -0.624099 -0.924178 -1.735660 -1.204670 -0.528967 0.949202 0.355730 -1.093700 0.199410 0.659865 -0.887550 -0.259007 -0.271499 1.609972 0.829900 -0.842991 0.077604 3.442703 0.620380 -2.354030 -0.698730 -0.172830 -1.949750 0.796681 0.628342 2.705232 0.994980 -1.522042 0.854643 1.067667 -0.032795 -0.024712
17.028099 2.393790 3.766220 3.510030 0.118619 -2.238750 -0.931623 -0.352600 -2.534150 -2.565560 -0.361679 -0.606571 -2.493502 -0.264650 1.260330 0.898140 0.832695 1.062200 -1.055688 -0.899841 -1.095260 -0.165080 0.679051 -0.777039 -0.847403 -6.054580 -0.242220 1.636090 3.445711 3.170550 -0.324882 -1.601832 -2.150300 -0.258080 0.872253 -0.918259 1.100462 -0.008083 -0.250458
19.521601 2.658440 2.505890 2.611890 -0.714076 -3.300950 0.124065 0.547241 -1.438890 -2.400480 -1.040730 0.170468 -1.646099 5.789930 1.502550 -0.737950 -2.613016 -2.108350 -0.730806 0.701991 1.055040 0.093000 -0.193202 0.141220 -2.141298 5.250790 0.809183 0.088280 -2.363706 -2.862090 -0.548067 1.413316 0.849960 -1.044730 1.552024 0.372721 1.108545 0.242375 0.355632
21.167700 -3.131490 1.003340 3.349840 1.898940 -1.192600 0.854871 -0.154750 -2.493930 -2.493480 -0.847528 0.029248 0.495199 0.539140 0.693367 -0.826230 -0.249310 0.753740 -0.182739 -0.711325 0.205080 1.137730 -1.745226 -0.231500 0.770399 -0.572820 0.622810 -0.755420 -1.253710 0.668520 -0.140149 -1.942686 0.372690 2.882440 -2.382673 -0.241217 0.866171 -0.113258 -0.104983
20.672501 -3.670630 0.309973 4.176070 2.148250 -1.946340 1.037610 0.556575 -2.699010 -3.631210 0.897698 0.260748 -0.275200 1.111960 0.070557 -0.070810 1.004400 0.085220 -0.042590 1.231361 -0.167610 -1.744710 0.637447 0.009717 -0.245800 1.607420 -0.101208 0.247960 0.973820 0.124580 0.686780 0.451507 0.446040 -1.947680 -0.682574 0.641474 0.979428 -0.008274 0.016199
20.947701 -4.782590 0.239416 4.246880 1.143850 -2.031560 1.080200 -0.674786 -2.531400 -1.886500 0.260251 0.251031 -0.029400 -0.495460 0.171765 -0.318770 0.030580 -0.039360 -0.729370 0.779854 -0.613650 0.202970 1.320021 -0.631757 -0.281601 2.822324 1.394013 -2.237180 0.276050 -0.393390 -1.689378 1.928080 -0.426200 0.430250 1.908576 -1.651256 0.987703 -0.024473 -0.178325
20.977100 -4.287130 0.067651 4.565650 1.113270 -1.992200 1.809570 -1.454640 -1.917750 -2.089470 -1.059770 0.882788 0.252201 -3.317784 -1.222249 1.918410 -0.245470 0.354030 0.960008 -1.148226 -0.187450 -0.227280 -0.588555 1.019499 -2.555399 -0.002778 1.211491 3.193000 -0.887058 -0.854560 0.072240 -1.184616 -0.565680 -0.474630 -0.973373 1.310230 1.012176 0.153852 0.416829
20.724899 -0.969346 1.289900 2.647240 1.358740 -2.346230 0.849562 -0.306414 -1.730300 -1.862190 -0.471215 -0.136711 2.807600 -3.315006 -2.433740 -1.274590 0.641588 1.208590 0.887768 0.036390 0.378230 0.247350 0.384818 -0.290731 2.592600 -1.730006 -1.809510 -2.682550 -1.773904 1.014680 1.156995 0.002931 0.333560 0.046090 0.459728 -0.195115 0.858324 -0.262978 -0.314100
17.917299 2.345660 3.723640 3.921830 0.717152 -3.554820 -0.038206 -0.342804 -2.108530 -2.109540 -0.856033 0.154020 0.215000 -1.585000 -0.624230 1.407960 2.415492 0.193910 -0.269228 0.033459 0.044670 0.201260 -0.074910 -0.095616 0.152500 -1.974890 1.066640 2.056710 3.116793 0.570230 -0.814976 -0.910178 1.038700 1.470820 -0.209725 0.122046 1.121302 0.051122 -0.361370
17.702299 3.930660 4.347870 2.513870 -1.698340 -3.748730 0.231022 -0.376263 -2.153200 -2.310800 -0.781123 0.249636 0.062500 0.389890 -1.690870 -0.648750 -0.701301 -0.376320 0.545748 0.943637 -0.994030 -1.269560 0.134815 -0.217662 -0.138399 0.366490 -0.217890 -1.529090 -0.085165 0.379470 1.165646 0.600127 -1.413870 -2.128610 1.047993 -0.385954 1.070180 0.412492 0.774435
17.639799 3.540770 6.038740 3.162620 -0.997039 -3.372410 -0.314726 -1.319900 -1.159170 -1.041240 -0.915938 0.467298 0.200899 0.023400 -1.472980 0.880340 -0.616136 -0.755790 -0.619898 0.343510 0.419840 0.859050 -0.913178 0.168292 -1.844901 1.394610 -2.398080 0.855710 1.039937 -0.528160 -0.669836 1.439005 1.679249 0.671830 -1.305367 -1.943094 0.657688 -0.361943 -0.459559
17.438900 3.517370 7.511720 2.282280 -0.380903 -2.616620 0.305172 -1.663410 -1.579010 -1.900290 -0.002760 0.299006 2.045800 -1.371210 0.925100 0.024630 -1.656073 -0.227630 0.049938 -1.095495 -1.259409 0.187220 0.392190 2.111386 1.261200 -2.617450 0.211680 0.722050 -2.103537 -0.059380 -0.068143 -2.350110 -1.963178 0.538790 0.324408 3.082501 1.019632 0.097615 -0.824401
15.393100 4.888580 6.586620 2.257650 1.275170 -2.388990 0.255234 -0.567915 -0.319601 -2.087510 -0.394950 -1.812380 0.784600 1.246240 0.713420 -0.697420 0.447464 -0.168250 0.118081 1.254615 0.703769 -0.351570 0.067782 -0.971115 0.004001 -0.961250 -0.264870 -1.064630 0.268886 -0.909440 1.803848 0.917245 -0.598901 -1.222070 0.668227 -0.122535 0.922016 0.922016 0.922016
