31
20.612900 2.423570 -3.434710 -4.815480 -0.472617 1.640080 0.821213 -1.046350 -2.071410 -1.013670 0.100346 -0.230354 -3.795700 4.164120 1.209250 -3.187880 -3.591197 -0.069600 2.601883 2.384970 -2.126707 -1.705064 0.254692 1.178066 -8.236700 -0.174370 2.978280 -0.242730 -3.194097 -4.200020 3.680244 5.278063 -4.251005 -3.331998 0.102727 3.020573 2.148191 0.707838 0.551340
24.408600 -1.740550 -4.643960 -1.627600 3.118580 1.709680 -1.780670 -3.431320 0.055298 0.691394 -0.154346 -1.408420 4.441000 4.338490 -1.769030 -2.945150 -0.397100 4.130420 -1.078361 -2.893093 2.124298 1.626934 0.151965 -1.842507 -1.526000 5.111840 0.084900 -1.471000 -1.178940 3.697220 -0.023749 -3.436756 1.766477 0.694534 2.061326 -2.134657 1.440353 0.156498 0.125880
19.967600 -6.079040 -2.874930 1.317550 3.515680 -2.420740 -0.702309 -0.538227 -2.069000 -0.935540 -0.306311 0.434087 5.967000 -0.773350 -1.853930 -1.474150 0.781840 0.433200 -1.054612 0.543663 0.357820 0.932400 -1.909361 0.292150 7.826200 -2.880401 -0.657370 -0.397800 -0.563610 0.975350 -0.877970 -0.426527 0.184940 1.962830 -1.917261 -0.680882 1.283855 0.030619 -0.354307
14.000600 -5.305690 -1.021000 2.791700 2.733840 -2.853940 0.352303 -1.081890 -2.426820 -1.867940 1.603050 0.141937 -1.859200 2.107050 -1.196560 -1.076350 1.345450 -0.542150 -0.176642 0.970190 0.172880 -1.030430 0.007900 0.973032 -1.590402 5.255641 -0.106780 -0.988700 1.489620 -0.801620 0.463943 -0.034210 0.011220 0.239667 -1.174203 1.086989 1.253236 0.384925 0.087342
15.859800 -7.412740 0.175560 3.868050 1.388390 -2.311790 0.528945 -2.052080 -2.599700 -0.837510 1.595150 -0.831095 -0.268799 -3.148590 -1.089780 -0.087650 -0.144170 0.259470 -0.640585 1.004400 0.161660 -1.270097 1.182103 -0.113957 0.389202 0.234436 0.158900 -3.070258 -0.908752 0.957210 -2.840555 2.309750 1.527050 -1.450195 1.288258 -0.611409 0.868311 0.297584 0.590082
16.128599 -4.264150 1.265340 3.955700 1.532560 -2.571260 1.169530 -3.056480 -2.761360 0.432587 0.413047 -0.717138 -0.658001 -3.383026 -1.248680 2.982608 0.764582 -0.697740 2.199970 -1.305350 -1.365390 0.180098 -0.106155 0.497452 -1.552101 -3.044584 0.877830 4.413566 0.779751 -1.049060 3.028335 -1.256670 -1.502040 -0.117624 -0.918151 0.618642 0.570727 -0.292499 -0.359860
16.786600 -0.881124 2.514020 0.973092 0.767978 -1.873520 -1.030440 -1.751130 -1.395970 0.252489 0.519202 -1.214590 0.894100 -0.338442 -2.126510 -1.430958 -0.015169 0.351320 -0.828365 -0.048680 0.136650 0.297722 0.811996 -0.121190 0.338500 0.054787 -0.407660 -1.959778 -0.479675 0.385380 -0.644683 0.357850 -1.138320 -0.057126 1.338817 -0.765720 0.863225 0.067362 0.378916
15.892500 -0.542682 4.640530 2.404050 0.783147 -2.224840 -0.202075 -1.702450 -1.532620 -0.045233 -0.292794 -1.093400 0.555600 -0.393229 -1.718850 0.528820 0.464506 -0.034060 -0.183682 -0.406530 1.274970 0.354848 -0.526821 0.644530 1.842001 1.126624 -3.513020 0.823030 -0.299619 0.118480 -0.578846 -0.213860 2.472390 0.573729 -0.926908 1.007160 0.795864 -0.311555 -0.578442
15.336900 -0.149453 6.359380 1.875230 0.318641 -2.190780 -0.018393 -1.295920 -2.807590 -0.400081 0.234027 -1.737930 -1.286401 -1.519853 1.794170 -0.294210 0.764125 -0.152540 0.395164 -0.192670 -1.197420 -0.218881 0.400087 -0.362630 -1.642901 -0.573633 1.668360 -1.702457 1.992415 -1.511110 -0.279039 1.203451 0.204065 -0.208086 -0.817693 0.317707 1.107419 0.266887 0.406176
16.623301 1.370400 4.565210 2.169440 -0.445484 -2.038240 -0.413557 -1.103250 -1.610170 -0.181200 -0.166060 -1.375300 0.356501 -0.946220 0.125810 1.408247 -1.228290 1.358570 0.674203 -1.396121 -1.401485 -0.010795 1.217780 -0.680337 0.055100 -0.780410 1.070640 0.897582 -2.077652 1.716380 3.136893 -1.862202 -3.942560 -0.644933 1.120600 0.355145 0.840532 -0.139289 -0.173162
16.266800 2.316620 4.439400 0.761193 0.782806 -3.396810 -1.087760 0.292871 -0.208685 -0.170405 -1.383840 -0.694963 0.301400 -0.165810 -0.944830 0.510665 0.849362 -0.357810 -2.462690 0.466081 2.541075 0.634138 0.097180 -1.035482 2.123600 0.333680 -1.297110 -0.078437 -0.639612 0.973710 -3.243598 0.533265 3.485685 0.502469 1.123777 -1.841940 0.979821 0.033873 0.079207
15.965400 2.482430 5.384230 0.250528 -0.066556 -3.039000 1.374930 -0.173210 -2.749760 -0.804543 -1.481020 0.340519 -1.822200 -0.499490 0.352280 0.589102 1.488974 -1.331520 0.780908 -0.067184 -0.944610 0.131669 -1.026597 0.806458 -1.423400 -0.980080 0.058290 0.588523 1.649704 -3.284600 1.538546 0.374318 0.038967 0.804465 -0.651819 0.632082 0.945949 -0.045334 0.155902
17.787600 2.981920 5.031950 -0.338574 -1.555530 -1.707480 0.594022 -0.106026 -1.805150 -0.936212 -0.454423 -0.465939 -0.398800 0.480590 0.293990 0.000579 -0.160730 1.953080 -0.757638 -0.441502 -0.983577 -0.672796 -0.374778 0.174376 0.305601 0.765100 -1.030010 -3.154818 -0.559860 4.176930 -1.004088 -0.854663 -0.494643 -0.380373 -1.155602 0.453072 0.991283 -0.201236 -0.627534
18.186399 2.501330 4.737960 -0.339153 -1.394800 -3.660560 1.351660 0.335476 -0.821573 -0.263416 -0.079645 -0.640315 -0.704401 -0.284510 1.324000 3.155397 0.399130 -2.223850 0.246450 0.413161 -0.488934 -0.292423 0.780824 -0.278696 -0.656902 1.419090 1.314940 4.276057 -0.460640 -3.206270 0.503970 0.987096 -0.632868 -0.168105 0.919714 -0.954857 1.192518 0.426298 0.900836
18.890800 2.785840 3.413960 -3.494550 -1.793930 -1.436710 1.105210 -0.077685 -0.332639 0.029007 -0.860469 -0.361619 -0.047499 -1.703600 0.009060 -1.120660 0.859770 0.982420 -0.257520 -0.573935 0.143934 -0.124318 -0.138890 0.676161 -0.210999 -1.893010 -0.199080 -1.457740 0.946040 1.511680 -0.051840 -0.807527 0.493150 0.178793 -0.227091 0.232791 0.766220 -0.474538 -0.900069
18.938299 4.489440 3.404900 -2.373890 -2.653700 -2.419130 1.362730 0.496250 -0.476573 0.153325 -0.721579 -1.037780 0.163500 0.189410 0.208140 0.337080 -0.086270 -0.529260 -0.205680 0.233592 -0.349216 -0.303111 0.088201 0.443370 0.192900 -1.407711 -0.715310 0.719030 0.013150 -0.920950 -0.860635 0.515343 -1.100925 -1.625748 0.785986 1.856843 1.240758 0.425531 0.641882
18.774799 4.300030 3.196760 -2.710970 -2.567430 -1.889870 1.568410 0.262658 -0.127357 0.456436 -0.809780 -1.481150 -0.029400 1.597120 0.923450 -0.381950 -0.099420 0.391690 0.654955 -0.281751 0.751709 1.322637 -0.697785 -1.413473 -0.396500 1.400580 2.161300 0.606240 -0.505940 0.188460 1.136120 0.511780 -0.113245 1.653218 0.371672 -2.093488 0.815227 -0.216350 -0.336158
18.804199 2.702910 2.273310 -2.329020 -2.468010 -2.281560 0.913455 0.544409 -0.879066 -0.866201 -0.111995 -0.067677 0.367100 0.196540 -1.237850 -0.988190 0.406520 0.203230 -0.481165 -0.793531 0.864954 -0.330581 -1.069457 0.680015 0.666300 0.172380 -0.777310 0.068250 1.248220 0.519660 -1.106520 -1.190987 0.397034 -0.976691 -1.667955 1.154686 1.031577 0.119807 0.143489
18.437099 2.506370 3.511160 -1.340830 -2.874530 -2.484790 1.394620 1.337940 -1.744020 -0.535620 0.957462 -0.747692 -0.299200 0.024160 -0.460540 -1.056440 -0.841700 -0.316430 0.625355 0.397456 0.467920 0.646110 0.598498 -0.474671 -0.842800 0.795010 -0.135960 -1.514238 -0.905710 -1.084970 -0.260092 0.911932 1.082620 0.834534 0.651022 -1.168429 0.911770 -0.023682 0.202576
18.736300 2.482210 3.971700 -0.284390 -2.032830 -2.168360 0.769265 0.940484 -2.211940 -1.181730 0.358964 -0.273021 0.543600 -0.770850 -0.324580 0.457798 0.064010 0.768540 0.885447 -0.514476 -0.614700 -0.188424 -0.052524 0.693758 -2.109200 -0.540150 0.929150 1.429480 2.277884 2.631150 1.091357 -2.178468 -0.741230 -0.883348 -1.396623 1.534117 0.935452 -0.226258 -0.543777
18.192699 3.253060 4.296280 -0.742188 -2.096840 -2.936900 -0.116182 1.454960 -1.597240 -0.993306 0.411488 -0.966779 2.652800 -0.230700 -1.253730 -0.971682 -2.213874 -1.862610 -0.205910 1.663992 0.126530 0.694924 1.344099 -0.840359 -5.931960 1.109650 -4.325761 -0.179106 -3.140946 -0.452618 0.110833 2.397378 -0.298630 2.495313 1.595279 0.564941 1.161710 0.317519 -0.256359
15.539900 3.483760 5.550010 0.229494 0.117034 -1.074290 0.089728 -0.209032 -1.723770 -1.688230 -0.932611 -0.126420 8.584760 -1.340350 3.072030 -0.792576 0.927072 -1.409992 -0.316742 -0.733386 0.425160 -1.800389 -0.251180 -1.405300 5.043400 -2.263970 1.931860 -1.699159 1.309619 -2.615306 -2.046872 0.215140 1.114520 -1.400425 0.592059 -1.782876 0.844191 0.573878 1.055476
6.955140 4.824110 2.477980 1.022070 -0.810038 0.335702 0.406470 0.524354 -2.148930 0.112159 -0.681431 1.278880 3.541360 0.923620 1.140170 0.906583 -0.382547 1.205314 1.730130 -0.948526 -0.689360 -0.399964 -0.843239 0.377576 1.467220 -1.250890 0.762475 -0.477104 -1.988176 0.679016 4.384920 -1.835475 -1.947300 -1.884628 -0.545766 0.800192 0.270313 -0.481599 -0.126189
3.413780 3.900490 1.337810 0.115487 -0.427491 -0.869612 -1.323660 1.472880 -1.459570 0.512123 0.161808 0.901304 2.074140 2.174510 0.377695 1.383687 1.605629 0.526298 -2.654790 0.886949 1.257940 1.484664 -0.297473 -0.422616 -0.148736 3.797630 -1.890940 -0.629323 1.966989 1.140839 -2.077780 0.009741 0.510720 0.342555 -2.487004 -1.159211 0.751911 -0.355410 0.311174
1.339640 1.725980 0.960115 -1.268200 -2.033120 -1.395910 1.331130 0.585931 -2.717510 -0.972541 0.459281 1.323920 2.222876 -1.623120 2.268635 2.013010 -0.361360 -0.614541 -0.577010 0.877208 0.747220 1.142109 2.189531 0.736595 0.098832 -1.874760 2.209005 3.926690 0.810395 -0.041771 -1.378270 0.473600 2.878770 3.199052 4.109742 2.139340 1.107321 -0.666584 -1.227687
-0.883236 3.349100 -1.308520 -3.281210 -1.671760 -0.781369 1.908140 -0.291277 -3.464730 -2.114650 -1.730250 0.587325 2.124044 0.251640 0.059630 -1.913680 -1.171755 -0.572770 0.801260 0.403608 -2.131550 -2.056943 -1.920211 -1.402745 1.366964 -2.034244 -0.298070 -2.298880 -2.153670 -0.534006 1.124530 -0.487667 -2.632130 0.041475 -2.561719 -4.063036 1.773905 0.561103 0.153738
-3.007280 3.097460 -1.368150 -1.367530 -0.500005 -0.208599 1.106880 -0.694885 -1.333180 -0.057707 0.189961 1.990070 0.757080 2.285884 0.357700 0.385200 0.981915 -0.038764 -0.323270 0.891275 0.500580 -2.098417 0.641508 2.660291 1.772640 3.590978 1.160267 0.951470 1.542429 0.103531 0.651990 0.218095 1.319800 -2.774367 0.088705 2.797357 1.212802 0.407364 0.553846
-3.764360 0.811576 -1.725850 -1.752730 -1.481920 -0.169835 1.430150 -1.586160 -1.833760 2.040710 -0.451547 -0.670221 -1.015560 -1.305094 -0.802567 -0.566270 -0.560514 -0.142295 -0.975260 0.673180 -0.819220 0.675950 0.552803 -0.137066 14.033240 4.561116 1.319056 -1.704470 -2.260718 -2.714855 -3.942940 0.257530 -1.740490 -2.076120 0.836374 -0.986941 0.805438 -0.146482 3.887174
-2.748800 2.116670 -0.923283 -1.186460 -0.921406 -0.027540 2.405410 -2.259340 -1.014540 1.364760 -1.004350 -0.533155 -15.048800 -5.866210 -2.121623 1.138200 1.700204 2.572560 2.967680 0.415650 0.921270 2.752070 -0.283571 0.849875 -15.806301 -5.286051 -0.123553 0.197870 1.895914 1.139430 2.968555 2.319186 2.141270 3.547493 1.930168 0.497875 0.951920 -4.033656 -7.717281
12.300000 7.982880 1.198340 -2.324660 -2.621610 -2.600100 -0.562270 -2.674990 -1.935810 -1.387310 -0.720779 -1.383030 0.757501 -0.580160 -1.998070 0.940330 -0.195710 1.433130 -0.000875 -1.903536 -1.220000 -0.795423 -2.213739 0.352000 1.791601 -0.857540 -3.184130 0.950690 0.065430 1.347909 -0.610190 -2.323542 -0.430826 -2.385176 -2.210479 1.726720 4.985576 3.683625 2.381674
11.542500 8.563040 3.196410 -3.264990 -2.425900 -4.033230 -0.561395 -0.771454 -0.715810 -0.591887 1.492960 -1.735030 -1.034101 0.277380 1.186060 -0.010360 -0.261140 0.085220 0.609315 0.420006 -0.789174 1.589753 -0.003260 -1.374720 -4.666651 -3.021820 2.447740 -0.104240 0.439160 2.375880 0.972203 -0.014654 -1.426443 3.465977 -0.562431 -2.214790 1.301951 1.301951 1.301951
