17
16.947800 6.071900 -0.302551 -2.617050 -3.175800 -5.793600 0.052840 0.455836 0.062459 -2.717320 -0.855931 -1.837300 5.272599 1.033800 -4.130721 2.173930 0.805120 -3.622970 1.077450 -0.531393 -0.043851 -1.192580 1.183239 -2.029094 5.188799 2.454150 -5.929091 1.722300 2.409530 -3.596830 2.247628 -1.783592 -0.312939 -2.023640 3.491730 -2.326410 17.791508 16.813102 16.543057
11.675200 5.038100 3.828170 -4.790980 -3.980920 -2.170630 -1.024610 0.987229 0.106310 -1.524740 -2.039170 0.191794 0.083800 -1.420350 1.798370 0.451630 -1.604410 -0.026140 -1.170178 1.252199 0.269088 0.831060 -2.308491 0.297316 0.281301 -1.056850 3.919990 0.718090 -1.998140 0.135120 -1.287672 -0.215871 0.951157 1.108160 -2.118755 -0.585921 0.978406 0.270045 0.217785
11.591400 6.458450 2.029800 -5.242610 -2.376510 -2.144490 0.145568 -0.264970 -0.162778 -2.355800 0.269321 -0.105522 -0.197500 -0.363500 -2.121620 -0.266460 0.393730 -0.161260 0.117494 1.468070 -0.682069 -0.277100 -0.189736 0.883237 -0.130701 -0.302950 -1.691810 2.708420 0.874850 -1.236930 -0.419050 2.093630 -2.095377 0.397040 -1.305641 1.424098 0.708361 0.052260 0.123195
11.788900 6.821950 4.151420 -4.976150 -2.770240 -1.983230 0.028074 -1.733040 0.519291 -2.078700 0.459057 -0.988759 -0.066799 -0.060550 -0.429810 -2.974880 -0.481120 1.075670 0.536544 -0.625560 1.413308 -0.674140 1.115905 -0.540861 -1.859698 -1.566350 0.889740 -2.334210 -0.607040 0.623790 0.277346 -1.281150 1.063935 -1.075660 1.248699 -0.329821 0.656101 -0.070935 -0.379847
11.855700 6.882500 4.581230 -2.001270 -2.289120 -3.058900 -0.508470 -1.107480 -0.894017 -1.404560 -0.656848 -0.447898 1.792899 1.505800 -1.319550 -0.640670 0.125920 0.451880 0.259198 0.655590 0.349373 0.401520 -0.132794 -0.211040 -0.297991 0.065130 -2.328200 -0.243667 0.692140 0.393110 0.179640 1.202240 -0.217547 1.378318 -0.455119 -0.539740 0.727037 0.308912 0.407336
10.062800 5.376700 5.900780 -1.360600 -2.415040 -3.510780 -0.767668 -1.763070 -1.243390 -1.806080 -0.524054 -0.236858 2.090890 1.440670 1.008650 -0.397003 -0.566220 0.058770 0.079558 -0.546650 0.566920 -0.976798 0.322325 0.328700 3.050441 0.631820 1.776330 -0.331083 -0.463130 -0.641250 -0.507366 -0.839440 1.463633 -1.017351 1.759684 1.017977 0.418125 -0.098424 0.141110
7.971910 3.936030 4.892130 -0.963597 -1.848820 -3.569550 -0.847226 -1.216420 -1.810310 -0.829282 -0.846379 -0.565558 -0.959550 0.808850 -0.767680 -0.065920 -0.103090 0.700020 0.586924 0.292790 -0.896713 0.040553 -1.437359 -0.689277 -0.931191 0.534990 -1.392960 -1.620183 0.712480 2.278070 1.338717 -0.096930 -1.295846 -0.139052 0.165111 -0.260330 0.516549 -0.239534 -0.205896
8.931460 3.127180 5.659810 -0.897677 -1.745730 -4.269570 -1.434150 -1.509210 -0.913597 -0.869835 0.590980 0.123719 -0.028359 0.273860 0.625280 1.554263 -0.815570 -1.578050 -0.751793 0.389720 0.399133 0.179605 -1.602470 -0.428947 -0.250319 -1.433810 0.129670 1.455303 -1.825050 -2.087100 -2.882726 -0.015250 0.054703 1.238930 -2.497400 -0.482643 0.756083 -0.033638 0.032372
8.959820 2.853320 5.034530 -2.451940 -0.930160 -2.691520 -0.682357 -1.898930 -1.312730 -1.049440 2.193450 0.552666 0.221960 1.707670 0.495610 0.098960 1.009480 0.509050 2.130933 0.404970 0.344430 -1.059325 0.894930 0.053696 1.507000 2.570750 0.705441 -0.095240 -0.774860 0.108200 2.296663 0.749010 1.946374 -2.065868 -0.101200 -0.331870 0.789721 -0.066010 0.528409
8.737860 1.145650 4.538920 -2.550900 -1.939640 -3.200570 -2.813290 -2.303900 -1.657160 0.009885 1.298520 0.498970 -1.285040 -0.863080 -0.209830 0.194200 1.784340 0.400850 -0.165730 -0.344040 -1.601944 1.006542 0.996130 0.385566 -8.208149 -0.355690 -2.186090 1.116880 2.962920 1.902520 2.984377 0.398560 -2.756948 1.431057 1.830390 0.348673 0.855730 -0.594419 -1.426889
10.022900 2.008730 4.748750 -2.745100 -3.723980 -3.601420 -2.647560 -1.959860 -0.055216 -0.996657 0.302390 0.113404 6.923110 -0.507390 1.976260 -0.922680 -1.178580 -1.501670 -3.150107 -0.742600 1.155004 -0.424515 -0.834260 0.036893 4.506946 0.416220 1.461160 0.877420 0.603028 -1.858730 -3.232281 -4.016040 0.320024 -0.313415 -0.992307 2.371892 1.450149 0.832470 1.749790
3.099790 2.516120 2.772490 -1.822420 -2.545400 -2.099750 0.502547 -1.217260 -1.210220 -0.572142 1.136650 0.076511 2.416163 -0.923610 0.515100 -1.800100 -1.781608 0.357060 0.082174 3.273440 0.834980 -0.111100 0.158047 -2.334999 8.514896 3.048660 -1.040188 -3.404540 -2.019886 0.512760 2.269531 5.682540 3.212313 0.304780 -1.443746 -3.654129 0.617680 -0.917320 1.146921
0.683627 3.439730 2.257390 -0.022320 -0.763792 -2.456810 0.420373 -4.490700 -2.045200 -0.461042 0.978603 2.411510 -6.098733 -3.972270 1.555288 1.604440 0.238278 -0.155700 -2.187357 -2.409100 -2.377333 -0.415880 1.601793 1.319130 1.575407 -10.015180 1.888536 -2.235740 -1.668792 1.651209 -3.351757 -2.759710 -2.573354 0.733853 -0.908217 -1.333480 1.535000 -2.064241 -0.496074
6.782360 7.412000 0.702102 -1.626760 -1.002070 -2.301110 2.607730 -2.081600 0.332133 -0.045162 -0.623190 1.092380 -7.674140 6.042910 -0.333248 3.840180 1.907070 -1.806909 1.164400 0.350610 0.196021 -1.149732 2.510010 2.652610 -9.890340 0.020840 -2.029771 6.889470 3.377940 -0.705975 2.721280 1.139820 -1.553391 -2.386030 3.569590 2.150290 3.599241 -1.568167 -5.424129
14.456500 1.369090 1.035350 -5.466940 -2.909140 -0.494201 1.443330 -2.432210 0.136112 1.104570 -3.133200 -1.560230 2.216200 6.022070 1.696523 -3.049290 -1.470870 -1.100934 -1.556880 -0.789210 1.749412 1.236298 -1.059580 0.502320 4.497900 3.648100 0.394126 0.155198 -0.614396 -2.488705 -3.103860 -0.709810 2.114422 -0.643894 1.570131 2.808686 5.167408 3.855962 3.156105
12.240300 -4.652980 -0.661173 -2.417650 -1.438270 0.606733 3.000210 -1.643000 -1.613300 -0.131728 -2.073620 -2.062550 -2.281700 2.373970 1.302397 -3.204488 -0.856474 1.387771 1.546980 -0.079400 -0.365010 1.880192 -2.629711 -2.306366 -0.847100 5.347760 0.994607 -3.828471 1.134142 0.451779 0.581381 0.754794 -1.173160 2.579032 -2.710319 -3.031880 1.311446 0.699857 0.088268
14.522000 -7.026950 -1.963570 0.786838 -0.581796 -0.781038 1.453230 -1.563600 -1.248290 -2.011920 0.556091 0.243816 -1.434600 -2.973790 0.307790 0.623983 -1.990616 0.935992 0.965599 -0.834194 0.808150 -0.698840 0.080608 0.725514 -5.852700 -3.227109 2.893740 1.364657 -1.023566 2.711143 1.011642 -0.874959 2.428676 -1.017530 -1.301958 0.219664 0.611589 0.611589 0.611589
