20
20.576200 2.283290 -0.922364 -1.310440 0.570503 -0.614930 0.218903 -1.658260 -1.463210 -0.760318 -1.308840 -1.542210 1.264601 0.880910 -0.065315 -0.309180 -0.941087 0.187807 -0.480984 1.301110 0.679300 -0.769910 -2.064648 -1.599840 0.528002 0.235925 0.577968 1.391083 -1.999557 -0.974466 1.326069 0.719380 -0.750280 -0.649099 -0.964576 -1.105900 3.956252 3.086001 2.920763
19.311600 1.402380 -0.857049 -1.001260 1.511590 -0.802737 0.699887 -2.959370 -2.142510 0.009592 0.755808 0.057630 0.736599 0.644985 -0.643283 -1.700263 1.058470 1.162273 -1.807053 0.581730 1.429580 -0.120812 -1.100072 -0.493940 0.198799 0.886391 2.370743 -1.535338 -0.191551 -0.013197 -1.364373 1.822180 1.880750 -0.660346 -1.709062 -0.068779 0.870251 0.165237 0.352272
18.575001 0.757395 -0.213766 0.699003 0.453120 -1.965010 2.506940 -3.541100 -3.572090 0.130404 1.855880 0.551570 0.537800 -0.241406 -3.014026 -0.164925 1.250021 1.175470 -0.442680 -1.240450 -0.451170 0.539534 0.608990 -0.425161 -1.417002 2.627883 -0.579826 0.433397 0.739332 1.148900 -2.788962 0.714774 1.538690 0.494271 -1.007241 -2.473312 0.705014 -0.187034 -0.316472
18.037201 0.998801 2.800260 0.863928 -0.796901 -3.140480 2.949620 -2.300650 -3.120920 -0.409130 1.246890 0.976731 1.954802 -2.869289 -2.434200 -0.598322 0.510689 0.026570 2.346282 -1.955224 -1.989860 0.045263 1.616231 2.048151 2.268202 -2.406589 -2.770520 -1.147216 1.253725 0.843350 2.648338 -2.458172 -1.664015 -1.348604 2.941602 2.212043 0.892048 0.129438 0.345279
16.082399 3.868090 5.234460 1.462250 -1.307590 -3.167050 0.603338 -0.345426 -1.131060 -0.454393 -0.369341 -1.071420 -0.313400 -0.462700 0.336320 0.548894 -0.743036 -0.816780 -0.302056 0.502948 -0.325845 1.393867 -1.325371 -0.163892 0.483299 -0.043510 -1.461880 -0.283234 -0.784136 -0.545550 -0.147450 -0.259928 0.325183 2.378415 -2.418853 -0.522554 0.762610 -0.215841 -0.351207
16.395800 4.330790 4.898140 0.913356 -0.564554 -2.350270 0.905394 -0.848374 -0.805215 -1.848260 0.956030 -0.907528 -0.796700 -0.419190 1.798200 0.832128 0.041100 -0.271230 -0.154606 0.762876 -0.651028 -0.984548 1.093482 0.358662 -2.595399 0.225220 2.520990 1.436097 0.506572 -0.635690 1.304674 1.343996 -2.577411 -2.533796 2.025787 0.407692 0.978451 0.135366 0.155214
17.192499 4.749980 3.099940 0.081228 -0.605654 -2.079040 1.060000 -1.611250 -0.154187 -0.863712 -0.137452 -1.266190 1.798699 -0.644410 -0.722790 -0.603969 -0.465472 0.364460 -1.459280 -0.581120 1.926383 1.549248 -0.932305 -0.049030 2.265699 -1.690360 0.741190 0.227904 -0.700074 0.699470 -3.199471 -0.906040 2.177593 3.629804 -1.891273 0.050200 0.843085 -0.019848 0.046611
15.393800 5.394390 3.822730 0.685197 -0.140182 -2.443500 2.519280 -1.030130 -2.080570 -2.412960 0.794853 -1.217160 -0.467000 1.045950 -1.463980 -0.831873 0.234602 -0.335010 1.740191 0.324920 -0.251210 -2.080556 0.958968 -0.099230 -0.659100 0.400670 -1.467680 -1.351101 -0.147397 0.450000 1.652198 -0.270220 0.769304 -2.474455 0.639580 0.265398 0.862933 -0.066459 -0.099245
15.860800 4.348440 5.286710 1.517070 -0.374784 -2.108490 0.779089 -1.355050 -1.829360 -0.332404 -0.164115 -1.117930 0.192100 0.645280 0.003700 0.519228 0.381999 -0.785010 0.087993 0.595140 -1.020514 0.393899 0.319388 -0.364628 -1.123601 2.905390 1.079100 0.254463 0.732320 -1.098610 -0.911460 -0.075320 -0.584563 0.222424 0.213599 0.143837 0.929392 0.032785 0.137761
15.668700 3.703160 5.283010 0.997842 -0.756783 -1.323480 0.691096 -1.950190 -0.808846 -0.726303 -0.483503 -0.753302 1.315701 -2.260110 -1.075400 0.264765 -0.350321 0.313600 0.999453 0.670460 -0.435951 0.171475 0.105789 -0.508465 1.593301 -2.690040 -0.224940 2.010568 0.036335 -0.027180 1.103736 1.334950 -1.740606 -0.595627 0.696864 -0.568751 0.896607 -0.104975 0.145173
14.353000 5.963270 6.358410 0.733077 -0.406462 -1.637080 -0.308357 -2.620650 -0.372895 -0.897778 -0.589292 -0.244837 -0.277600 0.429930 -0.850460 -1.745803 -0.386656 0.340780 -0.104283 -0.664490 1.304655 0.767102 -0.591075 0.060286 -0.966600 -1.398030 -1.775620 -1.152973 1.016959 2.311374 -0.748795 -0.988380 0.702725 1.095482 -1.056964 -0.377035 1.001582 -0.250148 -0.769662
14.630600 5.533340 7.208870 2.478880 -0.019806 -1.977860 -0.204074 -1.956160 -1.677550 -1.664880 0.001783 -0.305123 0.689000 1.827960 0.925160 -0.592830 -1.403616 -1.970594 0.644512 0.323890 0.601930 -0.328380 0.465889 0.437321 0.726800 2.840350 1.931420 -1.498470 -2.114060 -2.876329 0.767328 0.359980 0.759940 -0.857630 0.677038 0.219817 1.251731 0.519514 0.778724
13.941600 3.705380 6.283710 3.071710 1.383810 -0.007266 -0.848586 -2.280050 -2.279480 -1.336500 -0.464106 -0.742444 -0.037800 -1.012390 -1.006260 0.905640 0.710444 0.905735 -0.122816 -0.036090 -0.158010 0.529250 -0.211149 0.217504 -1.680300 -5.120036 -2.158770 0.967110 -0.044368 -1.246614 -1.093466 0.369260 -0.302100 0.701960 0.575127 0.267357 0.732217 -0.259210 -0.874977
13.979400 4.717770 7.289970 2.166070 0.673366 -0.913001 -0.725770 -2.243960 -2.121470 -1.865750 -0.252957 -0.959948 1.642500 4.107646 1.152510 -0.061470 0.754812 2.152349 0.970650 -0.405350 0.144090 -0.172710 -0.786276 -0.049853 1.710100 4.419464 -0.902091 -4.290160 0.409122 4.151919 2.134489 0.336420 0.635620 -0.641470 -1.600355 -0.513148 0.991427 0.615767 0.875286
12.336900 0.610124 6.137460 2.227540 -0.081446 -3.065350 -1.696420 -1.838610 -2.265560 -1.693040 0.533319 -0.910095 -0.067600 -0.311818 2.054600 4.228690 0.345689 -1.999570 -1.163839 -0.741770 -0.491530 0.468760 0.814079 0.463295 3.101999 1.209260 2.076630 4.162480 -0.929086 -2.271440 -0.440026 0.553857 0.228010 0.852960 1.222414 0.098105 0.375660 -0.259519 2.833340
12.404500 0.921942 4.082860 -2.001150 -0.427135 -1.065780 -0.532581 -1.096840 -1.774030 -2.161800 -0.280760 -1.373390 -3.169600 -1.521078 -0.022030 0.066210 1.274775 0.271870 -0.723813 -1.295627 -0.719540 -0.384200 -0.408335 0.365190 0.287400 4.956442 -3.576648 -4.284220 1.883065 -1.102700 -0.081335 -1.563412 -0.176734 0.022870 -1.165573 2.045910 0.635179 -3.092859 -3.025948
15.574100 2.443020 4.104890 -2.067360 -1.701910 -1.337650 0.191232 0.198787 -1.054490 -1.777600 0.127575 -1.738580 -3.457000 -6.477520 3.554618 4.350430 -0.608290 1.374570 -0.642478 0.267785 -0.542806 -0.407070 0.757238 -1.680720 -6.064898 -7.621550 2.579888 4.903650 0.411595 1.352800 -0.522656 1.479982 -1.419192 0.826170 1.432413 -3.260159 3.728037 -0.066911 -2.954092
19.031099 8.920540 0.550272 -6.417790 -1.093620 -2.712220 0.833710 -0.068998 -0.511684 -1.370530 -0.629663 -0.057860 2.607899 1.144030 0.974730 -0.553220 -1.019885 0.021770 -0.119822 -1.212198 0.876386 -1.233240 -0.675175 1.579440 1.753298 -0.934299 0.764365 -2.646160 0.101660 0.466000 -0.820186 -1.326918 1.095026 -0.739833 -1.182007 2.254333 3.794948 2.887181 2.888954
16.423201 7.776510 -0.424458 -5.864570 -0.073735 -2.733990 0.953532 1.143200 -1.388070 -0.137290 0.045512 -1.637300 0.854601 2.078330 0.210365 2.092940 -1.121545 -0.444230 0.700364 0.114720 -0.218640 -0.493407 0.506833 -0.674893 -1.415399 0.863929 1.349653 2.694200 -1.773728 0.383970 -0.154324 -1.685325 -0.648270 -2.018684 0.743882 -0.400550 0.907767 -0.001774 -0.911314
15.568600 5.698180 -0.634823 -7.957510 1.047810 -2.289760 0.253168 1.028480 -1.169430 0.356117 -0.461321 -0.962407 2.270000 1.214400 -1.139288 -0.601260 0.652183 -0.828200 0.854688 1.800045 0.429630 1.525277 -0.237049 -0.274343 -0.983701 -1.534570 1.247787 1.657990 -0.000386 -1.286190 0.669659 1.093660 0.185230 1.838800 -0.110750 -0.234800 0.909541 0.909541 0.909541
