10
14.417900 -2.374410 -0.203640 4.915560 2.932480 -1.856980 0.120225 -2.471840 -2.799730 -0.434592 -0.776524 -1.207090 -4.220900 2.025640 2.300560 1.846470 0.859040 0.848930 -1.935715 -1.436680 -0.715090 0.980788 0.356066 -1.644291 -4.266699 1.962250 2.988510 2.313070 2.050270 0.905390 -2.728705 -2.085900 -0.072020 1.589160 0.581213 -2.260957 4.907290 2.803453 1.587687
18.638800 -4.400050 -2.504200 3.069090 2.073440 -2.705910 2.055940 -1.035160 -2.084640 -1.415380 -1.132590 0.437201 0.045799 0.063390 -0.687950 -0.466600 -1.191230 -0.056460 0.792990 0.649220 -0.643070 -0.608372 -0.225147 0.616666 -5.067801 0.903000 1.117313 2.324170 -0.683140 0.526310 1.460550 0.359110 0.000589 0.411885 -1.522394 -0.286759 2.103837 1.215766 0.931922
18.593000 -4.463440 -1.816250 3.535690 3.264670 -2.649450 1.262950 -1.684380 -1.441570 -0.807008 -0.907443 -0.179465 5.113601 -0.839610 -1.805263 -2.790770 -0.508090 -0.582770 -0.667560 0.290110 -0.643659 -1.020257 1.297247 0.903425 1.221941 -1.537240 -3.877097 -6.826460 -0.727710 -1.572620 1.109540 0.264370 0.896384 -0.693715 2.775523 4.269305 0.888071 0.283844 0.101971
13.479400 -3.623830 -0.010987 6.326460 3.772760 -2.066680 1.930510 -1.974490 -0.797911 0.213249 -2.204690 -1.082890 3.891660 0.697630 2.071833 4.035690 0.219620 0.989850 -1.777100 0.025740 -1.540043 -0.326542 -1.478276 -3.365880 3.607320 2.017529 3.457221 7.122180 -0.585150 3.184369 -3.367460 0.369230 -3.089481 0.661557 -2.203532 -5.169208 0.604227 0.181873 0.562787
9.587740 -4.321460 -2.082820 2.290770 3.553140 -3.056530 3.707610 -2.000230 0.742132 0.539791 -0.726414 2.282990 0.284340 -1.319900 -1.385388 -3.086490 0.804770 -2.194519 1.590360 -0.343490 1.549438 -0.988099 0.725256 1.803328 -0.337190 -1.619370 -0.347948 -3.185370 0.572290 -1.897399 4.272760 -0.138000 2.742237 -1.999679 -0.517064 0.932828 0.422354 -0.380914 -0.330990
9.303400 -3.001560 -0.697432 5.377260 2.748370 -0.862011 2.117250 -1.656740 -0.807306 1.527890 -1.451670 0.479662 0.621530 0.299470 -1.037440 0.098880 0.232480 -0.297120 -2.682400 -0.205490 -1.192799 1.011580 1.242320 0.870500 6.278859 2.434670 -0.618164 0.597780 -0.352950 -1.654119 -6.820491 -0.951630 -1.943390 0.280633 2.485740 1.842968 0.803268 -0.049924 1.384605
8.681870 -3.301030 0.340008 5.278380 2.515890 -0.564891 4.799650 -1.451250 0.385493 0.516310 -2.693990 -0.390838 -5.657330 -2.135200 -0.419276 -0.498900 0.585430 1.356999 4.138091 0.746140 0.750591 0.730947 -1.243420 -0.972468 -1.325530 -6.661470 -5.567350 -3.824330 2.153360 2.405282 3.599754 0.846630 0.111999 0.715514 -0.090036 -0.412168 0.853191 -1.434529 -1.672632
14.339200 -1.165830 0.759284 5.777280 1.930460 -1.921890 0.661559 -2.197390 -0.365098 -0.214637 -1.450570 0.581630 -4.331800 4.526270 5.148074 3.325430 -1.567930 -1.048283 0.538337 -0.100490 0.638592 0.015433 -1.153384 -0.560300 -5.498599 4.599970 5.410174 3.769850 -0.660270 -2.224356 -0.011289 0.672860 1.028130 -0.479592 -1.313600 -0.600380 2.287720 0.238103 -0.741820
18.671000 -5.692100 -4.388790 2.451850 3.498390 -0.873607 0.123222 -2.096900 -1.003690 -0.230070 -0.297186 1.141930 1.166800 -0.073700 -0.262100 -0.444420 -0.907660 1.176073 0.549626 -0.773350 -0.389538 0.495025 0.160216 0.040080 2.064899 0.877790 2.144330 -2.001590 -3.277300 0.886203 1.954233 -0.383299 -0.275137 0.675491 0.680234 -0.891419 2.049617 0.979924 -0.089770
17.504200 -5.618400 -4.126690 2.896270 4.406050 -2.049680 -0.426404 -1.323550 -0.614152 -0.725095 -0.457402 1.101850 -0.898100 -0.951490 -2.406430 1.557170 2.369640 0.289870 -1.404607 -0.390051 -0.114401 -0.180466 -0.520018 0.931499 -2.985399 -1.266930 -2.949690 2.860470 3.801900 1.664607 -3.178035 -0.913242 -0.652620 -1.611277 -1.540966 0.669312 1.069693 1.069693 1.069693
