20
0.206919 7.469870 -1.496480 3.467950 -2.259690 -0.111443 4.461350 1.373960 -1.369860 0.915603 -1.351030 -0.423146 -1.859211 2.630390 -0.069880 -0.349570 -0.802150 -0.837528 0.380990 1.637864 0.601470 -1.154097 -1.676665 -0.769460 -4.534701 0.104680 1.338669 -1.860170 -0.043325 -0.374843 -1.801640 1.750504 1.239330 -3.051174 -1.890042 -0.771356 1.437882 0.651255 0.943030
2.066130 4.839480 -1.426600 3.817520 -1.457540 0.726085 4.080360 -0.263904 -1.971330 2.069700 0.325635 0.346314 2.675490 2.525710 -1.408549 1.510600 -0.758825 -0.462685 2.182630 -0.112640 -0.637860 1.897077 0.213377 0.001896 3.718824 2.647800 -2.939628 1.353640 0.119278 -2.317131 1.517170 0.880849 -1.110750 1.653922 1.502659 0.528157 0.786627 -0.291775 -0.590399
-0.609360 2.313770 -0.018051 2.306920 -0.698715 1.188770 1.897730 -0.151264 -1.333470 0.172623 0.112258 0.344418 -1.043334 -0.122090 1.531079 0.156960 -0.878103 1.854446 0.665460 -0.993489 0.472890 0.243155 -1.289282 -0.526261 0.209312 -3.021674 3.077354 -1.421094 -3.265221 2.526357 0.061964 -2.509825 2.558351 0.432318 -2.850460 -1.541128 1.078402 0.298624 0.216641
0.433974 2.435860 -1.549130 2.149960 0.179388 -0.665676 1.232270 0.842225 -1.806360 -0.070532 1.401540 0.870679 -1.252646 2.899584 -1.546275 1.578054 2.387118 -0.671911 0.603496 1.516336 -2.085461 -0.189164 1.561178 1.014867 1.772334 4.548438 -1.002460 1.223155 4.595879 -0.142149 1.750652 4.050287 -3.036434 -0.960242 2.433488 0.771200 0.779778 0.081983 0.375616
1.686620 -0.463724 -0.002855 0.571906 -2.207730 0.006235 0.628774 -0.674111 0.279101 0.118632 -0.159638 -0.144188 -3.024980 -1.648854 -0.543814 0.354899 -2.208761 -0.529762 -1.147156 -2.533951 0.950973 0.771078 -0.872310 0.243667 5.508821 0.960696 0.991237 1.349562 -4.701192 -3.229319 -1.030026 -5.134434 0.483515 0.724334 -2.058434 -1.077728 0.697795 -0.293633 3.694594
4.711600 1.185130 0.540959 0.217007 0.001031 0.535997 1.775930 1.859840 -0.671872 -0.652446 0.712672 -0.387855 -8.533801 -2.609550 -1.535051 -0.994663 2.492431 2.699557 -0.117130 2.600483 0.467458 0.046744 1.186124 1.321395 -5.831101 -4.249180 -1.918031 -2.059032 1.310701 3.381977 -0.233420 3.796349 -0.287322 0.884467 2.206898 1.548365 0.991428 -3.988227 -7.876706
13.245400 3.794680 2.076010 1.211670 -2.491400 -2.163560 1.893060 -0.740643 -1.139330 -0.699190 -0.473452 -1.709250 -2.702700 1.639630 0.382980 1.064369 1.181730 -0.682420 0.116290 -1.195866 0.754780 -0.837723 -1.020774 -0.226970 -3.843800 1.805780 -0.485770 1.632521 2.406320 -2.753770 0.838980 -2.752449 0.766500 -0.561215 -0.249326 0.861287 4.979655 3.888478 3.646594
15.948100 2.155050 1.693030 0.147301 -3.673130 -1.481140 1.776770 0.455223 -1.894110 0.138533 0.547322 -1.482280 1.141100 -0.166150 0.868750 -0.568152 -1.224590 2.071350 -0.722690 1.556583 -0.011720 -0.276508 -0.771448 -1.088257 0.879200 -0.379680 1.255110 -0.345237 -0.750370 2.891430 -2.139800 3.435513 -0.187600 -0.963476 -0.709038 -1.827084 1.091177 0.241884 0.183978
14.807000 2.321200 0.824280 0.715453 -2.448540 -3.552490 2.499460 -1.101360 -1.882390 0.415041 1.318770 -0.394023 0.261900 0.213530 -0.386360 -0.222915 -0.474220 -0.820080 1.417110 -1.878930 0.175880 0.686968 -0.062410 0.738827 -0.800000 -0.549110 0.726960 0.248857 0.955443 -0.755100 0.867692 -2.628740 0.839420 0.628655 -2.195088 -0.242993 0.849293 0.057906 -0.133020
14.545100 2.107670 1.210640 0.938368 -1.974320 -2.732410 1.082350 0.777570 -2.058270 -0.271927 1.381180 -1.132850 1.061900 0.762640 -1.113320 -0.471772 -1.429663 -0.064980 0.549418 0.749811 -0.663540 0.058313 2.132678 0.981820 -1.825000 1.572480 0.137990 -0.784992 -0.009742 0.033150 -0.875827 0.774582 0.208042 0.462075 1.881256 1.335220 0.791387 0.190926 0.080026
13.483200 1.345030 2.323960 1.410140 -0.544657 -2.667430 0.532932 0.027759 -1.394730 -0.330240 -0.751498 -2.114670 2.886900 -0.809840 -1.251310 0.313220 -1.419921 -0.098130 1.425245 -0.024771 -0.871582 -0.403762 0.251422 -0.353400 2.408000 -4.000250 -4.141093 -0.441938 -2.731690 0.080690 4.138978 0.176184 -0.034829 0.504830 1.650315 0.078230 0.600461 0.110900 0.231865
10.596300 2.154870 3.575270 1.096920 0.875264 -2.569300 -0.892313 0.052531 -0.523148 0.073522 -1.002920 -1.761270 0.478900 3.190410 2.889783 0.755158 1.311769 -0.178820 -2.713733 -0.200955 -0.836753 -0.908592 -1.398893 -0.431630 -0.623250 2.782430 5.114126 2.346646 2.648470 -0.716920 -2.582103 -1.981601 -1.895088 -0.961080 -1.771412 0.619174 0.489561 -0.120965 0.117852
10.117400 -1.035540 0.685487 0.341762 -0.436505 -2.390480 1.821420 0.253486 0.313605 0.982113 0.395973 -1.329640 1.102150 0.407980 -2.224343 -1.591488 -1.336701 0.538100 -0.131630 1.780646 1.058335 0.052488 0.372519 -1.050804 3.100800 0.374540 -2.484133 -2.837392 -2.786385 1.717090 -1.723320 5.032356 1.157285 -0.023520 -0.532943 -2.329928 0.610527 -0.238817 0.172522
9.015250 -1.443520 2.909830 1.933250 0.900196 -2.928580 1.953050 -1.527160 -0.744730 0.929625 0.023454 -0.278836 -1.998650 0.033440 0.259790 1.245904 1.449684 -1.178990 1.591690 -3.251710 -0.098950 0.076008 0.905462 1.279124 -2.707549 1.598843 0.004160 2.107708 2.189125 -1.280780 3.263560 -3.471300 2.192320 1.521671 0.736400 0.948964 0.849344 -0.411339 -0.634552
11.013900 -1.476960 2.650040 0.687346 -0.549488 -1.749590 0.361360 1.724550 -0.645780 0.853617 -0.882008 -1.557960 0.708899 -1.565403 0.255630 -0.861804 -0.739441 0.101790 -1.671870 0.219590 -2.291270 -1.445663 0.169062 0.330160 1.440099 -1.395757 0.370230 -2.160348 1.077096 0.486650 -2.297810 0.552040 -3.619054 -3.428384 1.732415 2.442341 1.260683 0.223213 0.269709
10.305000 0.088443 2.394410 1.549150 0.189953 -1.851380 2.033230 1.504960 1.645490 2.299280 -1.051070 -1.888120 -0.731199 -0.169645 -0.114600 1.298544 -1.816537 -0.384860 0.625940 -0.332450 1.327784 1.982721 -1.563353 -2.112181 9.845602 -2.992203 -5.210950 2.626088 -2.989121 -0.424370 -0.434616 -2.471730 -2.038572 0.149152 -1.917940 -2.337184 1.037470 -0.046496 5.033721
11.036200 0.258088 2.509010 0.250606 2.006490 -1.466520 1.407290 1.837410 0.317706 0.316559 0.512283 0.224061 -10.576801 2.822558 5.096350 -1.327544 1.172584 0.039510 1.060556 2.139280 3.366356 1.833569 0.354587 0.225003 -12.287102 1.118228 5.423830 0.851976 2.399228 -0.350870 0.059846 3.383208 3.778086 2.695446 0.931144 0.419799 1.083966 -5.080217 -10.168976
21.613001 -2.564470 -2.587340 1.578150 0.833906 -1.506030 0.346734 -0.301870 -3.048650 -1.517010 0.157696 -0.000942 1.710300 1.704330 -0.327480 -2.179520 -1.226644 0.390380 1.000710 -1.243928 -0.411730 -0.861877 -0.576557 -0.194797 -1.824600 2.747600 1.231099 -2.612190 -0.524354 0.262910 0.983589 -3.459826 0.226110 -1.141948 -0.352434 -0.181881 6.164183 5.088759 4.586751
19.902700 -4.268800 -2.259860 3.757670 2.060550 -1.896410 -0.653976 0.942058 -2.636920 -0.655133 0.734253 0.193855 3.534901 -1.043270 -1.558579 0.432670 -0.702290 0.127470 0.017121 2.215898 -0.637840 0.280071 -0.224123 -0.012916 3.537201 -0.444320 0.809532 -0.723850 -1.667820 -2.062320 0.833051 2.336768 -1.231550 1.231725 -1.588187 -0.908627 1.075423 0.502008 -0.071407
16.367800 -3.225530 -0.701281 3.325000 2.762840 -2.023880 -0.671097 -1.273840 -1.999080 -0.935204 0.958376 0.206771 -0.002300 -0.598950 -2.368111 1.156520 0.965530 2.189790 -0.815930 -0.120870 0.593710 -0.951654 1.364064 0.895711 -3.740001 -0.166980 -2.425911 -0.789332 -0.147496 3.765610 -0.304086 0.540918 1.320760 -0.694338 1.426996 2.136975 0.573415 0.573415 0.573415
