31
18.688299 -3.053600 -5.452500 -9.249630 -1.235800 2.476750 3.808370 2.424690 1.257320 -0.851749 0.235350 0.487658 -1.831501 -5.569490 -4.727431 -5.630340 -0.280685 0.717680 2.709470 3.783880 3.777890 -0.819892 0.290632 3.012828 0.348999 -8.546559 -9.332002 -4.480590 3.081240 -0.275303 0.820010 3.689930 5.561331 0.122447 -0.273194 4.112408 13.057313 11.801473 12.429211
20.519800 2.515890 -0.725069 -3.619290 -0.955115 1.759070 1.098900 -1.359190 -2.520570 -0.031857 -0.055282 -2.525170 -2.180500 2.977069 4.604571 -1.149750 -3.361925 0.992983 1.889460 0.093950 -1.783441 -0.942339 0.563826 -1.099580 -5.868900 1.341138 5.846991 1.487368 -3.250015 0.474281 2.545628 0.322720 -1.835533 -2.161194 0.049034 -1.363660 1.255840 -0.627738 -1.327655
22.700300 -0.461179 -5.329640 -2.469540 2.406810 0.766087 -0.790560 -1.453140 -0.737129 0.910482 -0.619108 -1.425590 3.688400 1.635931 -1.242420 -2.637118 -0.111910 0.518702 -0.656168 -0.228770 0.052092 1.218855 0.514792 0.264080 -0.402100 -0.163889 0.749181 -0.420336 -0.867450 -1.144793 -0.725040 -0.212750 -0.609217 -0.017832 1.208435 2.539953 1.883578 0.699917 0.545410
19.011900 -2.097110 -4.087220 0.167578 2.518720 0.247385 -0.134392 -1.224370 -0.789221 -0.308373 -1.133900 -1.689670 4.090500 1.799820 -1.991600 -2.216782 0.755540 1.663495 0.068872 -0.016020 0.661309 1.236687 -0.693643 -2.275873 1.260400 2.552570 0.284014 -2.637982 1.443640 1.577055 0.474492 -0.106650 -0.138501 1.203827 0.676147 -2.420104 1.183661 0.154507 -0.094189
14.921400 -3.896930 -2.095620 2.384360 1.763180 -1.416110 -0.203264 -1.208350 -1.450530 -1.545060 -0.440257 0.586203 2.830100 -0.752750 -2.275614 0.421200 -0.688100 0.086440 -0.405620 0.090630 0.799810 0.032860 -1.369790 0.144231 5.022600 0.471560 -1.513606 0.666090 -2.232313 0.908861 0.297870 -1.300720 -0.157540 1.356425 -1.142943 -0.658960 1.029154 0.248696 0.394263
12.091300 -3.144180 0.179994 1.963160 2.451280 -1.502550 0.202356 -1.298980 -2.250340 -1.577920 0.929533 0.441972 -2.192500 -1.224310 -0.762008 -0.244890 1.544213 -0.822421 -0.703490 1.391350 0.957350 -1.323565 -0.226847 0.803191 -1.639800 0.541327 2.193640 -1.896685 -0.410234 -0.687008 -0.259426 1.341060 2.369610 -1.564574 0.358833 0.820998 0.780458 -0.145567 -0.383689
14.283800 -1.919870 0.942002 2.208050 0.907067 -0.680129 0.905846 -2.690330 -3.207690 -0.254355 1.156380 -0.361219 -0.552700 -1.765637 -2.955648 1.651795 1.954447 -0.135413 -0.444064 0.050290 -1.412260 0.241009 -0.585680 -0.017807 -0.660501 -0.417294 -2.646258 3.020490 1.909037 -2.045027 -0.604034 1.612980 -1.778560 -0.695847 -1.181140 0.309028 0.926025 0.238121 0.531054
14.836500 -0.154233 3.897650 0.556255 -1.047380 -0.544716 1.349910 -2.740620 -1.795430 -0.495364 1.742060 -0.343412 0.107800 -1.348343 -0.309390 -1.368695 0.045410 1.909614 0.159970 -1.562690 0.366300 0.936856 0.595460 -0.326835 1.291601 -0.689403 0.269120 -2.617614 -0.131230 3.450687 -0.438523 -1.393060 1.241020 1.217216 -0.785431 -0.451011 0.687904 -0.292933 -0.536533
14.728700 1.194110 4.207040 1.924950 -1.092790 -2.454330 1.189940 -1.177930 -2.161730 -1.432220 1.146600 -0.016577 -1.183801 -0.658940 -0.578510 1.248919 0.176640 -1.541073 0.598493 -0.169630 -0.874720 -0.280360 1.380891 0.124177 -2.572901 0.177880 -0.284910 1.294374 1.212279 -0.791552 -0.656784 -1.255220 -0.777500 0.151276 1.568102 -0.201848 0.980836 0.243600 0.402211
15.912500 1.853050 4.785550 0.676031 -1.269430 -0.913257 0.591447 -1.008300 -1.287010 -1.151860 -0.234291 -0.140754 1.389100 -0.836820 -0.293600 -0.045455 -1.035639 -0.749521 1.255277 1.085590 -0.097220 -0.431636 -0.187211 0.326025 1.126800 -2.038790 -0.254460 1.985059 -0.450136 -2.064835 1.935496 -0.011250 -0.341810 -0.127847 0.013495 0.827446 0.737236 -0.158611 -0.024373
14.523400 2.689870 5.079150 0.721486 -0.233791 -0.163736 -0.663830 -2.093890 -1.189790 -0.720224 -0.047080 -0.466779 0.262300 1.201970 -0.039140 -2.030514 -0.585503 1.315314 -0.680219 1.096840 0.244590 -0.303789 -0.200707 -0.501421 0.777700 2.171160 -0.084190 -2.443674 0.434575 0.427874 -1.035447 1.599630 -0.583200 0.211012 1.214296 -1.428172 0.895847 -0.134238 -0.019919
14.261100 1.487900 5.118290 2.752000 0.351712 -1.479050 0.016389 -3.190730 -1.434380 -0.416435 0.153627 0.034642 -0.515400 -0.969190 0.045050 0.413160 -1.020078 0.887440 0.355229 -0.502790 0.827790 -0.514801 -1.415003 0.926751 -0.358100 -0.656320 0.596090 -1.027374 -2.999359 2.459691 0.698273 -0.348340 0.859630 -1.248293 -1.769633 1.789055 1.030085 -0.114319 -0.433275
14.776500 2.457090 5.073240 2.338840 1.371790 -2.366490 -0.338840 -2.687940 -2.262170 0.098366 1.568630 -0.892108 -0.157300 -0.312870 -0.551040 1.440534 1.979281 -1.572251 -0.343044 -0.154450 -0.031840 0.733493 0.354630 -0.862304 -1.217600 -1.256540 -1.507960 3.008048 3.002090 -1.987462 -0.657924 -0.577160 -0.723520 1.581724 0.031972 -2.427780 1.144404 0.318956 -0.010703
14.933800 2.769960 5.624280 0.898306 -0.607491 -0.794239 0.004204 -2.533490 -2.230330 -0.635127 1.214000 -0.029804 1.060300 0.943670 0.956920 -1.567514 -1.022809 0.415211 0.314879 0.422710 0.691680 -0.848231 0.322658 1.565476 -2.487000 -1.645079 -0.541400 -2.670904 -0.386107 2.038512 2.241985 1.295250 3.771915 -1.284790 -0.173484 1.314346 0.825448 0.329660 0.299274
13.873500 1.826290 4.667360 2.465820 0.415318 -1.209450 -0.310675 -2.956200 -2.922010 0.213104 0.891342 -1.595280 3.547300 2.588749 1.498320 1.103390 -0.636702 -1.623301 -1.927105 -0.872540 -3.080235 0.436559 0.496142 0.251130 3.093040 1.927028 1.967590 0.047872 -1.511775 -2.075803 -1.486025 -1.420770 -4.931690 -0.914986 1.058455 1.487840 0.495788 0.030386 0.279447
10.326200 -0.762459 3.169040 1.362430 1.052020 0.413851 1.616430 -2.083660 0.158225 -0.223455 0.395200 -1.846410 0.454260 0.661721 -0.469270 1.055518 0.875073 0.452502 -0.441080 0.548230 1.851455 1.351545 -0.562313 -1.236710 1.833321 0.199931 -0.020070 2.033626 0.628427 -1.307387 -1.088930 1.649460 2.635076 2.275238 -0.386046 -1.540912 0.465402 -0.249062 -0.049886
9.871940 -1.424180 3.638310 0.306912 0.176947 -0.038651 2.057510 -2.631890 -1.693230 -1.575000 0.957513 -0.609700 -1.379061 0.461790 -0.449200 -0.978108 0.246645 1.759889 0.647850 -1.101230 -0.783621 -0.923693 -0.176267 0.304202 0.258039 2.850719 -2.429120 -1.902256 -0.767576 2.894209 2.516710 -0.154737 -0.515248 0.321399 -1.352857 -0.957736 0.714464 -0.199176 3.294827
11.251000 -1.885970 4.087510 1.285020 -0.069698 -1.798540 1.409660 -1.530660 -0.909609 -0.651307 1.133780 -0.913902 -1.637099 -2.388929 1.979920 0.924148 1.014222 -1.134320 -1.868860 -0.946493 -0.268373 -1.245092 1.176590 1.261938 5.913301 -4.628178 -0.558576 0.933740 -1.109848 -1.175623 -1.382680 -2.627476 -1.951767 -0.585347 0.715633 0.442738 0.913640 -3.494003 -5.551257
12.888100 0.502959 2.107590 0.360872 -1.083920 -0.664220 3.278520 -0.584167 -0.641236 0.593785 -0.042810 -2.175840 -7.550400 2.239249 2.538496 -0.009592 2.124070 0.041303 -0.486180 1.680983 1.683394 -0.659745 0.460956 0.819200 -7.574499 0.382519 3.342045 -0.131669 4.915545 -0.074576 -1.035940 2.935433 0.108444 -1.384631 -0.315418 1.654550 4.407642 2.057255 0.786683
20.438499 -1.736290 -0.430906 0.370464 -3.207990 -0.705523 3.764700 -2.265150 -2.324630 1.253530 -0.503766 -2.995040 0.024099 1.856730 -0.803549 0.122077 -2.791475 0.115879 0.549760 -1.254450 1.574950 0.724886 0.776374 -0.835350 -0.028502 1.612320 0.342358 3.002090 -2.864774 -0.339779 -0.646460 -0.838769 1.369940 -0.168089 2.169377 0.932157 2.350388 1.270572 1.058834
20.414400 -3.593020 0.372643 0.248387 -0.416515 -0.821402 3.214940 -1.010700 -3.899580 0.528644 -1.280140 -2.159690 0.052601 0.244410 -1.145907 -2.880013 0.073299 0.455658 1.196220 -0.415681 0.205010 0.892975 -1.393003 -1.767507 -2.639997 3.262964 0.606853 -2.716593 1.173689 -0.928172 -0.512163 -1.398512 1.196620 1.700134 -0.186816 -2.116758 1.079816 0.211737 0.177577
20.361799 -3.837430 1.518550 3.128400 -0.489814 -1.277060 2.018720 -0.595019 -4.104590 -0.364331 0.112863 -0.392183 2.692598 -3.018554 -1.752760 -0.163420 -1.100390 1.383830 1.708383 0.982831 -0.991610 -0.807159 -1.206187 0.349251 2.920597 -1.558039 -1.837840 -0.282720 -1.933302 3.130251 0.612523 -0.051809 -1.578010 -0.929604 -1.291127 0.520809 0.868079 0.034160 0.351744
17.669201 -0.818876 3.271310 3.291820 0.610576 -2.660890 0.310337 -1.577850 -3.112980 0.442828 1.319050 -0.741434 -0.227999 -1.460515 0.085080 0.119300 0.832912 -1.746421 1.095860 1.034640 0.586400 0.122445 0.084940 -0.171558 -0.266397 -1.595602 1.186830 -0.170910 0.437522 -2.482242 2.691708 1.178210 2.174220 -0.484563 -0.894395 -0.227216 0.833918 -0.317584 -0.535923
17.897200 0.641639 3.186230 3.172520 -0.222336 -0.914469 -0.785523 -2.612490 -3.699380 0.320383 1.234110 -0.569876 0.038399 0.135087 -1.101750 0.290210 0.395390 0.735821 -1.595848 -0.143570 -1.587820 0.607008 0.979335 0.055658 -1.008102 2.266215 0.467670 -0.052800 0.218333 1.172871 -1.876993 -0.741390 -2.358610 1.310496 1.238677 -0.082151 1.151502 0.218339 0.318541
17.858801 0.506552 4.287980 2.882310 -0.617726 -1.650290 0.810325 -2.468920 -2.111560 -0.286625 0.254775 -0.625534 1.046501 -2.131128 -1.569420 0.343010 0.177057 -0.437050 0.281145 0.597820 0.770790 -0.703488 -0.259342 0.137809 0.754101 -2.064898 -2.076860 0.238350 0.037629 -0.223218 0.485062 2.454300 1.844680 -1.659762 -1.184551 -0.043612 0.933164 -0.100202 -0.257011
16.812300 2.637680 5.857400 2.539300 -0.794783 -1.213240 0.529180 -3.066740 -2.882350 0.416863 0.514117 -0.763343 0.292400 -0.066230 0.507440 0.104660 0.139428 -0.213832 -0.203917 -1.856480 -1.073890 0.956274 0.925209 0.181421 0.587101 -0.632270 0.441330 -0.495540 -0.305521 -0.203876 -0.092306 -3.291730 -2.491130 1.964298 1.311130 0.416653 1.033366 0.156808 0.293288
16.519899 2.703910 5.349960 2.434640 -0.934211 -0.999408 0.733097 -1.210260 -1.808460 -0.539411 -0.411092 -0.944764 -0.294701 0.566040 0.066110 0.600200 0.444949 -0.009956 -0.111611 1.435250 1.417240 -1.008024 -0.385921 -0.235232 -0.033901 0.199210 0.226729 1.987370 0.090609 0.053812 -0.644804 1.410070 2.881880 -0.514153 -0.140430 -0.657570 0.876557 -0.136479 -0.145729
16.814600 2.137870 5.283850 1.834440 -1.379160 -0.989452 0.844708 -2.645510 -3.225700 0.468613 -0.025171 -0.709532 -0.260799 0.366830 -0.160620 -1.387170 0.354340 -0.063768 0.533193 0.025180 -1.464640 -0.493871 -0.245491 0.422338 -1.156698 2.054250 0.100540 -2.953620 1.089400 0.161780 -0.092406 0.108970 -2.435320 -2.047786 0.477386 1.766800 1.013037 0.009249 -0.143932
17.075399 1.771040 5.444470 3.221610 -1.733500 -0.925684 0.311515 -2.670690 -1.761060 0.962484 0.220320 -1.131870 0.895899 -1.687420 -0.261160 1.566450 -0.735060 -0.225548 0.625599 -0.083790 0.970680 1.553915 -0.722877 -1.344462 0.862698 -4.305442 0.009770 1.718300 -1.085570 -0.593262 1.862699 0.177810 1.170450 0.348536 -1.355074 -1.870510 1.003788 0.153181 0.226064
16.179501 3.458460 5.705630 1.655160 -0.998440 -0.700136 -0.314084 -2.586900 -2.731740 -0.591431 0.943197 0.212592 0.033201 2.618022 -0.270930 -0.151850 0.350510 0.367714 -1.237100 -0.261600 -0.199770 1.205379 0.632197 0.526048 -1.020798 3.572564 0.272079 -0.048640 1.760604 0.853361 -1.655002 -0.519090 0.220530 2.467626 0.267350 -0.168846 0.850607 -0.072883 -0.996374
16.146299 0.840438 5.976560 1.807010 -1.348950 -1.067850 0.923016 -2.325300 -2.531970 -1.796810 0.311000 -0.313456 1.053999 -0.954542 -0.543010 -0.103210 -1.410094 -0.485647 0.417902 0.257490 -0.420300 -1.262247 0.364847 0.694894 1.230999 -4.847132 -1.248930 1.050140 -0.967839 0.871738 1.864258 1.323970 -0.462410 -2.423724 1.009142 2.270754 0.923490 0.923490 0.923490
