24
10.087900 -5.493510 2.036470 -0.410690 0.223149 2.471590 4.588930 -0.822422 -1.224570 -0.361118 0.508348 0.421781 5.796670 -1.924500 -0.031930 3.318570 2.176309 1.579174 1.692830 -2.080082 -2.260020 -0.089057 0.881985 1.739091 3.267180 -2.810220 2.242320 6.584864 4.870131 2.360978 0.260250 -3.758722 -3.554084 1.655844 1.004168 1.034751 2.108271 1.642470 2.358815
4.291230 -3.569010 2.068400 -3.729260 -1.953160 0.892416 2.896100 1.257660 1.035450 -0.272061 -0.373637 -1.317310 2.529490 0.885720 -2.274250 -3.266294 -2.693822 -0.781804 1.432580 1.678640 1.294064 -1.744901 -0.122183 0.704340 -1.009300 -1.464570 -3.470110 -1.348438 -1.770104 -2.024069 3.771870 2.790732 -0.157462 -2.478018 0.014241 2.084770 0.465800 -0.716345 -0.245651
1.761740 -4.454730 4.342650 -0.462966 0.740662 1.674220 1.463520 -0.420980 -0.258614 1.472840 -0.251454 -2.021650 3.538790 2.350290 1.195860 -1.917856 -0.923718 1.242265 -2.339290 -1.112092 1.451526 0.733117 -0.136424 -1.380430 6.808260 4.576740 0.563310 -0.887456 0.860602 2.506150 -3.789780 -2.781983 1.212396 -0.279685 -2.539334 -1.556990 1.182145 -0.470693 -1.467937
-1.777050 -6.805020 3.146790 1.454890 1.664380 0.431955 3.802810 0.691112 -1.710140 0.739723 -0.115030 -0.641220 -3.269470 -2.226450 0.632550 -1.030400 -1.784320 -1.263885 1.450490 1.669891 0.239130 1.012802 2.402910 0.176560 1.326190 -2.082360 5.328340 0.564770 -3.040380 -3.329706 -0.024747 0.639690 0.576560 2.075179 2.792490 -1.709210 1.652838 0.997244 2.063796
1.492420 -4.578570 2.514240 2.485290 3.448700 1.695840 2.352320 -0.978779 -1.949270 -0.273079 -2.517940 -0.817780 -4.595660 -0.144090 -4.695790 -1.595170 1.256060 2.065821 1.475237 1.030201 -0.337430 -1.062377 -0.389580 1.885770 2.503361 1.612690 -7.804360 -5.664487 -0.500069 2.972245 2.320814 -0.068299 -0.627720 -1.452296 0.621650 3.841867 0.655595 -1.066553 -1.469418
6.088080 -4.434480 7.210030 4.080460 2.192640 -0.369981 0.877083 -2.008980 -1.611840 0.789298 -2.128360 -2.703550 -7.099020 -1.756780 3.108570 4.069317 1.756129 -0.906424 -0.845577 1.098500 0.290290 0.389919 -1.011230 -1.956097 -4.167221 -1.454270 1.845510 2.521024 1.889216 2.145943 -2.136856 1.735930 -0.333550 0.364506 -0.065416 -1.960469 1.722147 0.402865 0.060153
13.187100 -2.677700 4.101460 0.011143 0.436511 0.536443 1.722660 -3.107480 -1.902130 0.399379 -1.117130 -0.747453 -2.931800 -0.302510 1.263060 1.548293 -0.133087 -3.052367 1.291279 -0.637430 0.623840 0.025413 -0.945814 0.004372 -4.125000 0.767790 -0.077250 0.423033 0.268912 -5.138237 1.134168 0.001580 2.604247 -0.190082 -1.870708 0.332419 1.319282 0.342712 0.234069
16.118900 -2.375190 2.838400 -1.537150 0.569598 3.588810 0.431381 -2.470050 -2.525970 0.373966 -0.171316 -0.751825 1.193200 -1.070300 1.340310 1.125260 -0.401999 2.085870 0.157111 -0.639010 -1.980407 0.215495 0.924894 -0.328047 2.156100 2.669420 1.999870 1.349930 0.298134 0.515363 0.390809 -0.387680 -0.878435 0.785866 1.431741 -0.549149 0.976570 0.108643 0.170367
14.925700 -1.304890 1.498090 -2.662410 0.971597 1.502940 0.274270 -1.831040 -0.545563 0.158471 -1.096210 -0.423778 -0.962900 -3.739720 -0.659560 -0.224670 -0.700133 1.570507 -0.233698 -0.251330 -1.101972 -0.570371 -0.506847 0.221102 -2.206401 -4.169030 0.845830 -0.426100 -1.805045 0.740370 -0.781459 0.770001 -1.294806 -1.724323 -0.200124 0.225981 0.867926 -0.061723 -0.231346
15.888600 2.434830 2.157650 -2.437740 1.671730 -0.067566 0.507968 -1.579710 0.556409 0.728842 -0.589363 -0.644880 1.243501 0.429310 -1.505390 0.201430 1.104912 0.830136 0.547761 -1.021331 0.192834 1.153952 -0.306723 -0.004879 0.911501 1.266900 -0.182610 2.982328 1.340512 -0.691160 -0.025444 -1.621092 0.638478 2.176736 -0.400194 0.585816 0.929649 0.169623 0.392888
14.645100 2.005520 3.663040 -2.639170 0.566818 -0.897703 -0.039793 -0.558379 0.363575 -0.425110 -0.282640 -0.640001 0.332000 -0.837590 -1.322780 -2.780898 -0.235600 1.521297 0.573206 0.599761 -0.445644 -1.022784 0.093471 -0.590695 0.264300 -0.662170 -0.082770 -3.847687 -1.453355 0.877567 0.284270 2.598213 -0.835360 -1.501793 0.921017 -1.380933 0.760026 -0.223265 -0.303561
14.313100 2.843110 4.985820 0.141728 0.802418 -2.419000 -0.612999 -1.158140 0.809219 0.597674 -0.376111 -0.049306 0.067699 -0.175420 -1.240010 1.066789 1.217755 0.643730 0.288936 -1.998452 0.389716 0.479009 -0.827546 0.790237 2.064500 -0.121180 -1.136500 -0.657440 0.499392 2.705270 0.460597 -2.482490 -0.307119 0.147812 -0.794033 1.566190 0.983292 0.080296 0.353782
14.245400 3.018530 6.225830 -0.925061 -0.415337 -3.062730 -0.901935 0.840312 0.419503 0.118665 0.451435 -0.839543 -1.996800 -0.054240 -0.103510 1.724229 0.718363 -2.061540 -0.171661 0.484038 0.696835 0.331197 -0.033513 -0.775952 -2.764101 -1.288260 0.236730 2.757889 0.709853 -3.522590 -0.264907 0.786403 0.957700 0.553125 1.050789 -1.554814 0.902996 -0.273486 -1.037964
16.242201 3.072770 6.329340 -2.649290 -1.133700 -1.001190 -0.730274 0.356274 -0.277332 -0.212532 0.484948 -0.063591 0.767301 1.234020 -0.340240 -1.033660 0.008510 1.461050 0.093246 -0.302365 -0.260865 -0.221928 -1.084302 0.778861 -5.663589 -1.120061 -2.527800 0.170677 0.622645 2.847480 1.458962 -1.509057 0.833272 -0.144475 -1.701233 2.534634 1.176482 0.764478 0.589234
15.474900 1.838750 6.669580 -1.615630 -1.142210 -2.462240 -0.823520 0.658639 -0.016467 0.009396 1.569250 -0.842452 6.430890 2.354081 2.187560 -1.204337 -0.614135 -1.386430 -1.365716 1.206692 -1.094137 -0.077454 0.616931 -1.755773 5.101530 1.255912 3.544260 0.715676 0.960180 -1.224716 -1.205736 1.752802 -1.956219 -0.505378 0.845872 -3.233900 0.412005 0.175244 0.913295
9.044010 -0.515331 4.482020 -0.411293 -0.528075 -1.075810 0.542196 -0.548053 1.077670 0.086850 0.952319 0.913321 1.329360 1.098169 -1.356700 -1.920013 -1.574315 -0.161714 -0.159980 -0.546109 0.862082 0.427924 -0.228941 1.478127 6.177910 -0.439951 -8.742600 -6.931723 -3.577449 1.651983 1.026414 -1.921556 3.010814 2.358928 -0.459068 2.276061 0.236761 -0.738051 1.102086
7.714650 -1.613500 5.838720 1.508720 1.046240 -0.914096 0.702176 -0.001944 0.215588 -0.341074 1.181260 -0.564806 -4.848550 1.538120 7.385900 5.011710 2.003134 -1.813697 -1.186394 1.375446 -2.148732 -1.931004 0.230127 -0.797934 -5.508750 4.025993 12.105040 5.705790 1.250198 -1.937832 -1.171724 3.060404 -3.046832 -2.140734 -1.586254 -2.186162 0.974812 -1.840137 -3.812625
12.563200 -3.151620 -1.547180 -3.502990 -0.956894 0.899601 1.888570 -1.377390 2.364320 1.589930 0.951133 0.233128 0.660200 -2.487873 -4.719140 -0.694080 0.752936 0.124135 -0.014670 -1.684957 0.898100 0.209730 1.816381 1.388228 8.171900 -2.145368 -5.196610 0.966250 -0.870154 0.556319 0.875610 -4.500074 -1.626190 -0.010010 0.967759 0.272588 2.814948 1.972489 7.297192
11.903000 -0.663747 3.171960 -2.808910 -1.709830 0.775466 1.903240 0.307567 1.466220 1.380200 -0.865248 -1.155100 -7.511700 -0.342505 0.477470 -1.660330 1.623090 -0.432184 -0.890280 2.815117 2.524290 0.219740 0.848622 1.115640 -7.573500 -2.524063 -0.070380 -0.428623 1.330180 -0.701482 -0.978590 2.513297 1.506650 0.329530 1.107722 0.672980 0.842460 -5.324704 -10.186446
19.414700 -0.321242 2.694490 -1.148580 -3.332920 1.207650 2.793520 -2.507550 -1.058070 1.160460 -1.713870 -2.270740 0.061800 2.181558 0.547850 -1.231707 0.292910 0.269298 0.088310 0.301820 1.017640 -0.109790 -0.259100 0.442660 1.650801 1.765288 -0.045010 0.358117 2.631020 -0.903691 -1.739020 0.786590 1.210940 -0.722206 1.548228 2.060840 6.167163 4.861742 4.414984
19.352900 -2.502800 2.146640 0.083127 -3.625830 0.938352 2.705210 -2.809370 -2.075710 1.270250 -1.454770 -2.713400 -1.589001 0.416270 0.592860 -1.589823 -2.338110 1.172989 1.827330 -0.484770 -0.193300 0.612416 -1.807328 -1.618180 -2.493801 2.400035 1.932490 -1.742043 -1.463117 0.049316 1.782534 0.461340 -0.263500 -0.299349 -1.913912 -0.393067 1.305421 0.446758 0.475892
20.941900 -2.919070 1.553780 1.672950 -1.287720 -0.234637 0.877880 -2.324600 -1.882410 0.657834 0.352558 -1.095220 0.904800 -1.983765 -1.339630 0.152220 -0.874993 1.123673 0.044796 -0.946110 0.070200 0.911765 0.106584 -1.225113 -0.662100 1.327480 -0.436780 0.473750 -1.537446 1.036673 -0.846476 -0.787190 0.771840 -0.115124 -0.256252 -1.163932 0.858662 -0.029134 -0.097776
20.037100 -0.935305 2.893410 1.520730 -0.412727 -1.358310 0.833084 -1.378490 -1.952610 -0.253931 0.245974 0.129893 1.566900 -3.311245 -0.902850 -0.321530 0.662453 0.087000 0.891272 -0.158920 -0.701640 1.026889 0.362836 -0.061181 -0.097000 -2.845715 1.325180 0.218810 -0.348657 -0.207360 0.181194 -0.075280 -0.282933 1.949252 0.232489 -0.747239 0.887797 0.068642 -0.750513
18.470200 2.375940 3.796260 1.842260 -1.075180 -1.445310 -0.058188 -1.219570 -1.250970 -1.280820 -0.116862 0.191074 1.663900 -0.465530 -2.228030 -0.540340 1.011110 0.294360 0.710078 -0.083640 -0.418707 -0.922363 0.130347 0.686058 0.911001 -0.683730 -0.900130 0.063450 1.830300 0.579980 0.339144 -0.916170 -0.845494 -0.469191 -0.048860 0.794452 0.819155 0.819155 0.819155
