-0.151303 0.0304553 2.00673 1.45435 1.35826 1.22727 1.06357 -0.0402142 -1.13405 -1.10613 0.168981 -0.521993 28 
0.765091 1.27317 0.864035 0.844076 -0.957963 -0.379779 -0.345756 -0.0442307 -0.689975 -0.0122781 0.0338231 -1.27422 40 
7.17118 -0.405079 0.601786 -2.19431 0.887984 -3.85656 -1.72612 1.91644 1.02238 -0.908916 0.210007 0.0349678 100138 
4.17036 -3.23402 2.06152 -0.668718 0.132991 -1.12258 -1.78361 0.805759 0.785231 0.224457 0.577944 -1.20751 357340 
4.04983 -3.19527 1.15347 -2.09507 0.0996958 -2.34991 -3.09844 -0.385137 0.533532 -1.68699 0.0661851 -2.79098 885517 
6.22035 -1.80106 0.588408 -0.65425 -0.123145 -1.82507 -1.736 1.68869 1.05432 -0.746425 -1.00841 -1.06006 502319 
4.65217 -2.39917 0.164813 -0.604244 -0.71749 -3.50274 -2.02313 -0.735605 0.172048 0.185095 -0.978749 -0.864416 283663 
6.85021 -1.0111 -0.854086 -1.17906 0.717188 -0.152445 -1.0753 0.0152765 1.79656 -0.980134 0.734862 -1.08059 339303 
6.84127 -2.52406 0.0899381 -1.54593 1.52435 -1.13998 -0.930436 2.1693 1.18823 -1.84977 -0.0703134 0.100055 1.04207e+006 
8.68175 -1.39153 0.935007 -0.926545 1.20092 -0.491301 -0.448025 0.598275 1.16372 -2.3511 -1.56515 0.245129 1.95532e+006 
8.22164 -1.7431 0.239896 -1.38623 0.780188 -0.538388 0.14036 1.58241 0.773389 -1.65151 -0.193971 -0.513434 1.28298e+006 
6.69864 -1.72626 0.287317 -2.01982 -0.733285 -1.24951 -1.5955 2.05682 3.03103 -0.78338 -0.112467 -0.561903 551545 
6.79113 -1.93221 0.362293 -1.04121 -1.79978 0.167475 -0.15953 0.911819 2.27572 -1.07891 -2.93859 -2.04184 1.58943e+006 
8.32113 0.397418 0.209167 -0.893474 -0.263476 -0.0817504 2.14085 0.769596 2.94529 -1.65093 -1.71048 -2.41844 1.77944e+006 
7.73037 -1.18048 -0.285137 -1.71173 -0.336597 1.46621 2.89058 0.0417103 2.33186 -2.45159 -2.26772 -1.18497 1.37728e+006 
4.70816 -0.516143 1.08147 -2.19654 -1.41354 -1.3261 0.408188 1.36514 2.78682 -0.764025 -0.69616 -2.00581 764467 
9.29726 -2.02111 0.0593151 -2.6916 -2.19481 0.82987 0.842703 0.534996 1.50274 0.516968 -0.294804 -2.1083 1.94605e+006 
7.9946 -3.16851 1.15268 -1.27093 -1.11181 0.954604 0.0904638 -1.64827 1.22351 0.157071 0.91528 -1.48412 1.49757e+006 
10.1256 -5.3914 1.52715 -1.39737 -2.50294 -0.52237 0.278418 -0.912473 -0.463966 -0.0903293 0.978471 -0.64272 4.8373e+006 
8.74078 -8.43229 -0.120489 -2.18657 -2.2692 -0.0748767 -0.829366 -1.94734 -0.421885 -0.706482 1.31602 -0.476696 7.67047e+006 
8.6553 -5.83775 -0.128358 -0.516499 -1.1102 -1.66376 0.615698 -1.40161 0.211765 -1.15668 0.475912 0.327285 5.44581e+006 
5.95212 -7.48406 -1.63196 0.304214 -1.08174 -0.429284 0.890555 0.765855 -0.496229 -0.233406 -1.06192 0.294787 7.07753e+006 
6.59905 -7.02943 -1.27908 1.14802 -3.10038 -2.4068 -1.67361 -2.24098 -0.570761 -0.165293 -0.620349 -0.9284 8.47529e+006 
11.3061 -6.54239 0.854366 4.18998 -0.641202 -0.29301 1.11693 -0.179864 -0.18749 1.66297 -1.04902 -3.10175 3.92957e+007 
18.4128 -5.80644 -2.89244 2.79297 -1.37895 0.304644 1.20527 -0.302436 -1.98747 -0.18494 0.0053793 -0.904198 8.05787e+008 
19.6281 -4.89186 -1.3618 0.583599 -1.677 -1.43458 1.53928 -0.204432 -0.786722 -0.550459 -0.0554807 -0.823661 1.42859e+009 
21.063 -3.30342 -1.29998 0.097115 -1.53401 -3.1942 1.48938 0.716999 -1.32724 0.269358 0.168863 -1.29149 1.26598e+009 
20.6563 -2.60914 1.04306 -0.443332 -2.7219 -4.29103 0.950909 1.60759 -1.71564 0.854945 0.371859 -0.879655 1.5165e+009 
17.3424 -4.57883 1.00799 -2.57836 -0.5678 -3.88753 1.81857 0.357792 -1.09219 0.530981 -1.13887 -0.0708345 1.38435e+009 
15.805 -4.01916 -1.09013 -0.556871 -2.54762 -2.05391 0.814065 1.35922 -1.51166 -0.582895 -0.130891 -0.952676 2.45705e+009 
16.6906 -3.51861 -2.3996 -0.152971 -2.49018 -2.05845 -0.444804 2.26566 -0.814755 -1.21845 0.215229 -1.63993 1.98098e+009 
17.8834 -3.23588 -3.2439 0.943363 -1.44231 -2.97595 -0.676908 3.46355 -0.569966 -0.958193 -1.34707 -0.637687 2.13245e+009 
18.028 -2.49143 -2.78634 0.24842 1.60141 -2.81511 -1.21803 1.15293 0.356503 -0.240314 -0.504349 -1.63876 9.46792e+008 
17.6575 -1.47284 0.000919431 -0.387992 0.442588 -2.37395 -1.36414 0.712089 0.178862 0.34781 -0.0100727 -2.0967 5.11621e+008 
16.1065 -1.92513 0.304262 -1.49041 0.110388 -1.34168 -0.904118 1.01602 0.51423 0.276176 -0.19259 -1.07545 1.55391e+008 
13.0816 -1.55896 1.21946 0.39236 -0.307047 -1.88109 -0.526931 -0.337428 -0.214336 0.50083 -0.231521 -0.808176 4.81854e+007 
11.5355 -0.232555 0.98079 -1.0075 1.97463 -2.6219 0.625028 -0.0842496 -0.607591 -1.07605 -0.49791 -1.1181 2.19641e+007 
11.5937 -0.980707 1.11822 -2.1517 0.519495 -1.15495 0.484822 0.730723 -0.55949 -0.857131 -0.170162 -1.53981 1.30368e+007 
10.9799 -2.66835 0.963203 -1.57371 -1.0472 -1.59062 -0.341055 -0.377388 -1.30453 0.473289 -0.352963 -1.95556 6.0424e+006 
9.25539 -3.17084 1.6314 -2.07335 -2.23339 -2.13383 -0.52147 -0.219624 -0.957732 0.61336 -0.129436 -1.69978 4.10087e+006 
10.1877 -3.26926 0.797978 -3.50264 -2.48092 -2.06993 1.12452 -0.541997 0.146208 0.125166 0.696667 -0.708475 3.06687e+006 
9.71877 -2.30854 1.2247 -1.83393 -2.35797 -2.26876 -0.41196 -2.00095 -0.683215 -0.558123 0.694356 -1.03475 2.6436e+006 
9.66393 -1.89788 2.0991 -0.72109 -2.68956 -1.1717 0.144858 -1.13731 -1.84557 0.489925 0.161987 -1.32063 997565 
8.70611 -3.25412 1.65909 -0.895932 -1.95588 -1.05076 0.117894 -0.916475 0.112483 -0.97951 -0.974178 0.0674755 733176 
8.45403 -4.5795 1.13135 0.428594 -0.500732 -1.49483 0.842501 0.653828 0.370844 0.748906 0.38429 0.278059 504717 
7.96506 -3.59428 0.682657 -1.13703 -1.17646 -0.874359 -0.214611 -1.05193 -0.664689 1.2637 0.598 -0.783392 506751 
8.85031 -2.00099 0.357802 -1.65882 -0.569235 -0.188407 1.45119 0.0241357 -1.16425 -0.256998 0.942993 -0.264777 342869 
7.42454 -2.5197 1.70868 0.0333588 -0.843401 -1.29157 0.529515 -0.57439 -0.626614 -0.285784 -1.03329 -0.802184 165981 
8.69351 -3.37157 -0.530345 -1.35401 -0.214953 -3.11171 -0.415834 0.59836 0.885627 -0.252999 0.347902 0.648882 199679 
7.16975 -1.85565 -0.43277 -2.11578 0.773877 -1.3095 0.884034 1.07667 1.06379 -0.0964136 -0.0774076 -0.609714 136643 
7.77159 -3.16312 -0.0899805 -2.06978 -1.61961 -1.35896 -0.22935 0.415293 1.1406 0.0770526 -0.0242575 -1.39858 145490 
8.5623 -4.91902 -0.366687 -2.25555 -0.255393 -2.25651 1.19932 0.912684 1.23232 -0.106793 -0.434831 0.498352 331426 
8.00414 -2.58914 -1.81867 -3.63837 -0.855014 -0.748951 0.113096 -0.22383 0.89668 0.385868 -0.48513 -0.523059 353323 
7.10179 -3.73283 -1.08047 -3.90632 -1.20876 -1.78495 -1.67257 -0.490845 -0.247782 -0.516821 -0.462506 -0.10332 342985 
6.88409 -5.33354 -1.04283 -2.68375 0.653917 -2.39506 -0.451916 0.0278389 -0.206661 0.31001 0.086505 -0.270619 261325 
7.9429 -4.17828 -0.987601 -1.29958 1.89131 -2.11954 -0.434883 -0.845401 -0.471629 -0.389163 -0.135029 -0.798643 222771 
7.00401 -3.21087 1.70402 -0.533372 2.16525 0.371435 -1.65874 -0.737315 -0.165804 -0.315991 -0.435124 -0.998017 95910 
9.72692 -1.99507 -0.257341 -1.01373 0.727446 -1.57233 -1.33541 0.462077 0.729633 -0.461667 -0.235263 -1.76667 119338 
7.59044 -3.54774 -0.390309 -0.736469 0.357375 -0.213019 1.5576 0.579416 2.16786 -0.76914 -0.37071 -0.442186 75633 
7.96411 -2.72715 -0.0112898 -1.98541 0.0391422 -1.65081 1.03142 -0.0961067 -0.161973 0.370294 -0.864801 -0.543513 93199 
7.97625 -3.27261 2.22197 -2.08512 -0.743279 -3.05862 -0.448775 -0.139895 -0.193645 -1.57768 0.510287 1.15918 97892 
9.99081 -2.07992 -0.251057 -1.12802 -0.0740182 -2.38828 0.322872 1.25418 1.12563 -0.793511 0.156916 0.672773 86315 
6.95961 -3.95863 -1.42776 -1.46889 -0.999361 -2.26649 0.441175 -0.430181 0.409583 0.576401 0.124909 -1.05411 48937 
7.6455 -3.19144 -0.666302 -2.08971 -0.822514 -2.21427 -0.984836 0.414158 0.343432 1.82788 0.888311 -1.39303 72054 
6.3636 -2.66791 1.11493 -1.37781 1.99258 -0.0354949 0.632782 0.184352 0.171013 -1.02678 0.0216068 -0.205924 56616 
7.41653 -4.64572 0.135812 -2.55431 -1.1012 -0.703728 -0.305984 -0.510018 0.981091 0.117434 -1.42954 -0.735604 78164 
8.44868 -3.69636 -0.0359804 -2.23555 -1.39163 -2.50019 -0.67106 -1.16839 -0.298791 0.494214 -0.84492 -1.80863 65216 
8.12389 -4.13993 2.04816 0.852656 0.532367 -3.71187 -1.5893 0.695824 0.0575909 -0.687169 -0.983867 -0.256873 53454 
9.48009 -3.50511 0.435062 0.675763 -0.212276 -2.37859 0.315624 1.10946 -0.117314 0.591389 1.47739 -0.366143 109324 
9.24391 -2.69847 0.966093 -0.697826 0.2257 -0.914546 -0.382539 -1.37731 -0.295891 0.0909755 -0.471459 -1.44694 130399 
9.90473 -1.72611 1.33507 0.603143 -0.280677 -1.83233 -0.893106 -2.15691 -0.781241 -0.296113 0.946212 0.29703 115049 
7.25635 -3.77524 1.11959 -0.194954 1.52596 -1.79359 -0.328608 -0.0261909 0.0825443 0.263416 0.839425 0.493666 81233 
6.17413 -2.66317 1.88326 -0.305232 -0.944031 -2.08345 -0.622773 -1.83539 -0.857088 -0.640045 1.48802 0.0306611 94535 
6.56877 -2.56296 -0.307104 -1.48604 0.395725 -1.75056 -1.00674 -1.20335 -0.401869 -0.218458 0.299058 -1.19892 78238 
