4.38059 -1.16483 3.14908 0.0398905 1.72609 -0.245083 1.56304 1.93985 1.65879 0.790028 0.439323 -0.702622 2.19343e+006 
6.44099 -0.663448 0.864292 -4.0394 -0.643138 -2.5249 0.959762 1.1401 0.938092 -1.13748 -1.25669 -1.34381 1.19777e+007 
6.75645 -0.34272 1.48057 -3.84472 -0.7329 -2.36746 0.573153 0.329178 0.665923 -0.977737 0.261894 -0.674774 6.68677e+006 
6.45698 -0.810484 1.60743 -0.287896 -1.13281 -3.93847 -0.619024 -1.06595 -0.0726316 0.212588 -0.64746 -1.40045 4.47957e+006 
4.95025 -2.7162 1.27333 0.556148 0.292687 -2.0994 -0.455558 -0.656647 -1.42911 0.470092 0.966814 -1.02057 2.71997e+006 
6.39407 -2.00724 3.90531 1.28287 1.09093 -0.553005 -0.87208 -2.03183 -0.732283 1.03112 2.69078 0.566274 3.0522e+006 
6.28357 0.137352 2.13315 0.383283 1.13788 -1.45925 -0.644062 -0.958436 0.508394 0.83558 1.30234 0.192914 2.12699e+006 
4.94118 -1.24691 2.55323 -0.0250069 1.38525 0.0720159 -0.575216 -0.73486 0.279694 0.783989 1.12968 -0.556419 1.95753e+006 
0.583991 -9.25892 3.96772 -2.14688 -1.36598 -3.22217 2.54991 -0.650973 0.628893 -0.0687815 1.12457 0.226161 5.91424e+008 
2.9244 -6.87277 2.1664 -4.49681 -1.11721 0.982894 4.09161 0.412906 0.667948 -2.06802 -0.0970195 1.20683 8.64731e+008 
-3.42677 -6.19744 1.44563 -3.46942 -2.34887 -0.235335 2.00862 0.0953009 0.233114 -0.876375 -1.18081 0.430848 1.30264e+009 
-5.20055 -5.47888 5.61531 1.85847 -1.62898 -2.19747 0.688473 0.220177 -1.3619 -1.67638 0.385898 0.108324 4.0456e+009 
-1.84073 -4.70114 6.02143 -0.131229 -0.223178 -0.313601 0.422096 -1.96252 -1.88801 -2.12208 0.20423 0.910301 3.18118e+009 
9.77042 -3.70628 5.60748 0.282816 -0.351885 -1.62843 0.685272 -3.58696 -1.78276 -1.93548 -1.98478 -0.675209 1.89442e+010 
10.0801 -4.7947 2.99099 -0.118046 -0.544381 -0.649632 -1.9307 -2.917 -0.726882 -2.09403 -1.61313 -1.44654 2.61549e+010 
8.16969 -5.20105 3.67934 -2.16714 0.463348 0.313913 0.328421 -3.17404 -0.814617 -2.32991 -0.299109 -0.817646 2.03776e+010 
10.014 -4.05816 2.99161 -3.93767 0.527334 0.405051 -0.585116 -2.02929 -0.191866 -3.04284 -0.382539 0.00257669 1.71593e+010 
10.3702 -1.33303 3.7138 -4.71194 -0.234438 0.249361 0.189578 -1.15374 -0.968395 -3.78389 -0.285015 0.0318549 1.80987e+010 
11.8743 -0.769864 2.74323 -4.31311 0.749252 -1.21706 -0.752632 -0.196972 -0.863545 -3.61358 -1.20101 0.052845 1.47703e+010 
11.2633 1.97548 3.22316 -4.75638 -0.769595 -0.884652 -0.504332 -0.27425 -1.19036 -2.06331 -1.4705 -1.32139 1.32748e+010 
12.8605 0.92111 2.5819 -2.84838 -1.44106 -0.995996 0.000290343 0.125756 -1.72701 -2.27394 -1.88633 -1.25416 1.11487e+010 
13.7596 1.03353 6.44435 -3.0696 -1.21492 -1.79851 -0.367633 0.0410246 -2.33255 -1.22753 -1.07572 -1.11345 1.26249e+010 
16.4092 0.933225 4.42099 -2.62301 -0.231418 -1.81262 0.0455607 -1.11805 -2.52675 -0.124295 0.45506 -1.18977 1.49748e+010 
16.2429 -0.806661 5.59748 -1.60991 -0.486908 -2.47069 -0.432497 -0.71377 -1.75567 -0.837406 0.326437 0.337667 1.47815e+010 
14.3035 0.0880995 5.00641 -1.19761 -0.963032 -2.59412 1.00379 -2.01531 -0.762432 0.200239 0.340298 1.04422 6.04338e+009 
15.9041 2.10677 5.51794 -0.219472 0.534698 -4.92516 -0.28962 -1.47194 -0.477064 0.161326 -0.0022172 0.942259 1.34396e+010 
16.6774 -0.0663923 1.55006 1.92479 -1.45171 -3.42981 1.20901 0.46261 -2.37269 -2.41752 -0.0718964 1.62947 1.89827e+010 
16.4987 -2.09553 1.36442 2.01377 -1.01817 -3.44202 0.761289 0.412832 -2.28303 -2.11529 0.319225 0.890627 1.55038e+010 
16.6109 -1.21004 0.71488 3.09661 -1.2424 -3.62228 1.82501 -0.325983 -1.91817 -2.81774 0.307871 1.05712 1.9085e+010 
16.8117 -1.0631 1.19747 3.38076 -2.07484 -3.51426 1.42143 -0.363028 -2.20016 -2.59857 0.578847 1.34125 2.10631e+010 
17.1291 -0.186347 0.675977 2.98917 -2.25354 -2.79016 1.10535 0.124842 -1.22429 -2.5606 -0.112575 1.59207 1.85158e+010 
14.9742 -0.473416 2.84377 2.66249 -1.46404 -3.47737 1.49325 -0.37573 -0.923898 -3.32693 -0.691329 1.53311 1.62244e+010 
15.2318 2.06308 5.02707 1.55344 -2.30932 -4.06837 1.38198 -0.682605 -0.801099 -1.07292 -0.930556 0.697865 1.18056e+010 
13.8975 1.85002 6.27548 1.19259 -1.94782 -4.74643 1.08369 -1.13068 -0.991251 -1.95401 -0.046561 1.75177 7.92233e+009 
14.9963 3.03666 3.9737 0.0244266 -1.17116 -4.47244 -0.159292 -0.361305 -1.15263 -0.336433 -0.180219 0.335055 6.03243e+009 
15.2003 3.36647 5.91812 1.44278 0.315859 -3.41199 0.432999 0.305393 -1.48111 -1.58285 0.499496 0.167395 7.22594e+009 
12.6889 2.03895 4.89672 1.17685 0.736857 -3.53976 -0.376629 -0.990524 -0.358804 -1.02361 0.546334 -0.0328082 1.60932e+009 
11.3148 1.69059 4.70514 0.203348 0.857014 -2.239 0.615069 -0.585539 -1.23919 -1.6419 -1.13769 -0.579701 3.4756e+008 
10.8414 3.2968 5.02698 0.390773 -0.140277 -3.41384 -1.80617 -2.09079 -1.18845 -0.982631 1.55207 -0.0777501 5.44379e+008 
12.836 3.37419 3.9298 0.861691 0.243559 -0.43781 -0.899487 -2.58937 -1.82716 -1.52232 -0.326977 -0.975087 8.09236e+008 
13.5508 2.99222 2.73649 -0.944174 -0.98651 -4.00287 -1.40331 -0.884394 -1.80377 -2.68579 0.583439 0.109052 5.84012e+008 
13.7101 1.57605 1.48134 -1.38124 -2.13279 -2.01945 -0.0653467 -1.75088 -0.0616161 -2.18971 -0.29479 -0.531025 4.07065e+008 
13.1408 0.0197976 -0.0270544 -1.66621 1.20247 0.480803 0.846103 0.993795 -1.23993 -2.62795 -0.0142758 -2.06707 1.69665e+008 
11.4508 0.800826 2.20008 0.0147649 0.149998 0.428421 0.476579 0.353147 -0.481155 -1.83243 -0.443698 -2.10471 8.84351e+007 
9.7762 0.296871 2.44062 -0.103927 0.967495 -2.79928 -0.482776 -0.653406 -1.29181 -1.21637 0.125176 -0.567607 5.97963e+007 
11.8169 0.998907 3.21305 -1.40632 1.88309 -0.802694 -0.412702 -1.26395 -1.14205 -0.266818 0.92889 -1.54686 7.5683e+007 
9.92881 -0.298659 1.29334 -0.497053 1.25457 -0.67349 -3.40774 -3.65751 -2.15955 -0.0604433 -0.42035 -0.52315 4.80539e+007 
8.70535 1.17556 2.72293 -0.920014 1.29117 -0.997174 -2.64249 -2.16355 -1.60226 -0.437021 0.56927 0.0837414 3.82e+007 
9.65867 2.89475 2.50402 -0.199771 0.940319 -2.67132 -1.39892 -2.61988 -1.33203 0.207501 -0.149914 -0.195437 7.52449e+007 
7.9341 2.10197 2.2619 0.51496 0.734322 -1.25936 -2.02091 -2.07327 0.490989 0.42444 -0.610374 -1.30847 2.91821e+007 
